715302475,0
17242372,0
828301104,0
414439192,1
55475724,1
29304837,0
147869891,0
134988013,0
270188434,0
73631536,0
278137824,0
193469551,1
123138210,0
249320924,2
594023196,0
333216058,2
304250899,0
30425501,-1
232376395,0
405543895,0
272785623,2
380765497,2
280230854,1
19059809,-1
111666189,-1
184930007,0
403873757,0
530871673,0
159904867,1
15395631,-2
15486118,2
591266632,0
44087978,-1
441531846,0
264902450,0
162492172,2
369260029,1
70909521,0
61998666,2
230289814,0
29951860,-2
520945072,-2
101014684,1
62417515,0
256806620,0
79280117,0
161479186,1
522032801,0
308135765,2
44205483,1
20474878,0
204432926,1
20096243,1
807198307,1
11432532,0
18641182,0
228908563,0
351119865,-2
342075052,1
98698160,1
212457855,1
23096449,1
51199866,2
104141401,-1
47739778,0
576222964,-1
151698228,1
415926630,1
151504359,2
488003846,-1
28733969,-1
16038311,0
318697983,0
352499479,-1
15092616,1
865739299,-1
333141377,-2
18201754,1
824159214,0
523067815,2
251878123,0
61408528,1
85841896,1
48972177,0
211343635,0
35178163,0
59952577,-3
626915136,1
35927755,0
35275045,1
29400592,0
295025939,1
377060725,2
555411690,0
386334480,1
288893879,2
268235693,-1
17831767,-1
19750789,1
191608418,0
545210182,-1
125434609,2
278055468,1
417271044,0
389086484,0
539264231,1
34132746,0
181868074,2
13236772,0
377563693,0
151316101,3
333304225,0
19817095,1
19470166,1
162093803,-1
37188908,0
274678116,0
76782405,1
35891146,1
9234172,0
15727981,0
579741578,-1
50438953,-1
353806802,0
95840806,1
502177948,1
26007785,2
73524592,1
62342496,1
259060761,2
134867509,0
226661401,1
14451152,2
39185755,0
53300334,0
64889506,0
620590484,2
18709732,0
62938142,1
21812940,1
74651244,0
528286123,0
47060174,0
110210484,1
27226611,3
38412163,0
21355920,-1
162904928,0
44736315,0
557548188,-1
210721816,0
331411982,0
494459096,2
24060437,0
209287637,0
199344427,0
98893111,1
159113544,3
578222481,0
53308140,0
876576476,0
342152369,0
26176299,1
92859887,1
132371812,0
230752398,0
271948596,-3
559416098,0
586902543,0
244787214,-1
5435472,1
854794502,1
604674217,0
41524665,0
288690722,-1
28998607,-2
318958263,-1
542605095,0
25217843,1
25859905,-1
230555191,-1
462308789,0
57756665,1
158546744,0
179508440,0
21328725,0
65675862,0
22695598,-1
148181135,1
613902830,3
202119297,0
70525634,1
216085340,0
21650116,1
216269034,0
310159725,1
22644928,1
236901564,0
482858630,1
22502128,0
38781991,1
16246996,1
225928818,1
375423704,-1
17653175,1
344858178,2
94588413,0
276151090,0
560809033,0
45722835,0
22042036,-1
240966974,1
473804158,1
285847415,1
40165410,-2
277392430,0
737552011,-2
193767669,0
52439746,3
37009202,-1
321128818,0
502454418,-2
31197133,-2
371918166,0
82125212,1
135950754,-1
257193205,0
272805422,0
305042436,0
33797602,1
474588537,0
531612903,-2
21864986,1
185099961,-1
607080961,-1
116860927,-1
80938617,1
78842507,2
628912797,1
348159843,0
30607213,-3
164789982,3
190115208,0
104470154,-1
35143403,0
125250080,-1
16337738,-1
24614134,0
330681657,2
709958120,0
5499672,0
14397367,1
71413288,-1
72724061,0
24151402,-1
119992068,2
521487325,1
98772178,0
31203786,0
16210489,1
39340100,1
16156927,1
345065738,0
26242086,0
50497347,0
175281436,0
238056701,1
595294755,2
763168273,1
329748405,0
588746826,0
296996054,-1
69386136,-1
41056402,2
226021327,0
457564624,0
153628928,-1
717070320,0
149596996,0
91838700,0
74772938,-1
22085058,1
91641867,0
403512199,0
452593503,1
180065373,1
280597700,2
22670592,0
267382018,-1
123282767,0
104413181,-1
300666355,-1
227000609,0
47805740,0
574228833,0
234184515,1
573860023,-1
387173396,2
251766234,1
204817906,0
153576434,0
813444805,-1
27304045,0
18210214,0
129093350,0
86324793,0
312002931,1
25962591,0
67821479,1
428057027,1
261423288,1
408985438,0
868810016,0
614313348,0
711169386,3
139872038,2
323297690,-2
803769620,0
198706982,0
82330368,-1
283210673,1
16921272,1
514921404,1
49219375,0
21067566,1
832499923,2
247951021,0
173705809,2
455721191,0
32946138,0
366341363,4
199629590,0
19462466,-2
188091857,2
76129545,1
19354399,0
637172281,-1
63510915,-1
410115325,1
177271043,0
71621762,0
231455061,0
24631475,-4
23339644,0
310619138,0
19643086,3
265251610,0
305444622,0
325376539,2
250650368,1
70386438,1
61108556,0
574698222,-1
67071435,1
54025501,0
416444133,-1
127083166,0
96871753,-2
62169540,0
23746429,1
19092739,0
20059090,2
813666060,-3
703352004,0
17679727,0
19006955,1
40753509,-2
483741743,-1
19746973,0
54473030,1
171971405,1
399290541,0
421166724,0
403825796,-1
119173035,0
209682819,4
121517691,4
512403303,-1
270638272,-1
486477571,0
36210889,0
755346426,0
14849504,0
339989532,1
31219039,0
76118118,1
22730287,0
129710641,0
15421625,-2
476485701,0
344222239,0
231973801,-1
804531709,0
332474633,-1
232130100,1
31115170,0
37725043,3
185915280,0
45391958,-1
807637609,1
304206266,0
423000123,0
145418674,0
30715010,3
41680302,1
67440720,0
449174706,0
353369202,0
28960735,0
375296777,1
615453097,0
67319480,0
15659445,0
116079056,0
29619966,0
19683406,1
40380673,1
356790312,0
380448245,1
165005301,1
40475705,0
27736258,1
91965564,0
31366848,2
86817030,1
255775617,2
328760102,1
370920304,-1
230343934,2
24034126,0
238871120,0
243793727,0
26666548,-1
458885616,0
486162804,-1
380222295,0
54218903,1
69865859,1
489523276,-3
128929315,0
80301581,3
339121177,-1
343476079,0
74995139,0
10722592,0
141661291,0
239151880,2
43598498,0
18713882,1
68768255,1
70407676,3
501144709,0
317401345,-1
33586366,0
423660793,0
847726032,0
16794022,0
18655979,1
596224529,1
110323192,1
23610166,0
154554014,-1
53443641,2
20245695,1
371334533,-2
434665900,1
211743943,0
393748189,0
21515380,0
120487261,2
493093859,1
521025993,0
56793909,1
19343479,0
434722835,1
64454380,0
29854689,1
420726169,1
591624852,1
338000640,-1
512447452,0
446623531,2
603137605,0
572941567,0
61730218,0
29100520,1
755824698,0
346867096,1
347909550,1
19288213,1
17656895,-1
414465617,1
66953542,-1
239606606,0
274190714,1
178017379,1
569331478,1
68470715,0
220043173,3
424921875,0
76035417,1
52105412,2
38590821,1
248366770,0
166006850,0
278424638,-1
161372520,0
336684477,0
18855876,0
362119227,0
508769785,1
230991170,0
173023070,1
467855280,-2
61834693,0
14299629,1
538335950,3
19522886,-1
876652890,-3
299120423,0
178605271,0
76609489,-1
373098543,1
206932076,0
243798155,0
278292697,-2
224532610,-2
329695511,0
249671216,0
164134582,0
107244450,-1
356752859,-1
21911774,1
135550811,2
867322196,0
170914578,0
19888754,-1
16409993,0
255577029,3
27777925,1
22667866,1
14497863,-1
159534029,1
167170782,-2
570404627,0
494442164,0
221497747,0
46463693,1
455994439,0
21978301,-1
431679696,0
176973514,2
91995755,0
221573954,0
193410675,0
184882479,0
20024623,1
108815312,0
67628449,0
393516472,0
233458475,0
35317773,0
176519618,0
191241076,0
29837499,-1
41699399,0
41476062,0
192047099,0
20192390,0
577410808,-1
190625491,0
237079358,1
15098182,0
21310583,2
471475880,-2
408055868,-1
138176188,0
39481305,1
272170275,0
72874233,2
89386718,3
16818520,2
104850722,-1
358238162,0
541528202,1
65851153,0
19565080,0
491149965,-2
183027479,0
344236266,-1
293329679,2
313039347,0
35304507,0
206061060,1
615699376,1
404848689,-1
34613288,0
177039813,0
188283659,0
21613357,1
39637784,1
319365076,0
248436575,-1
370131557,1
243290690,0
193180035,0
63959333,0
340174467,2
16916254,2
131744324,0
402214159,0
15408899,1
109775601,0
322293210,-3
452701992,1
58830533,0
303242952,2
225442207,-1
243903348,-1
37614829,0
339055436,0
329137987,-1
83212090,0
186289333,-1
17064244,1
41979267,-1
264905757,0
76165584,0
21783341,0
83752769,0
75791703,0
323487086,1
616133673,-1
24480432,0
241116563,0
410981914,0
23629825,0
117067900,2
43850462,0
48757042,0
605480677,0
21597622,2
420139744,0
189462078,0
357608532,2
276217600,1
53002531,1
205150156,-1
18007113,1
15191366,-2
290888023,1
466440496,3
79893160,1
514811952,1
87417707,-1
36929339,0
28896087,0
14675745,0
50960380,0
28983293,0
169968934,2
211726260,0
548550810,0
65534260,0
390547648,-1
366166450,0
66200030,2
21718577,1
403652254,0
36105212,0
586222653,0
388333847,2
16725975,1
521532492,2
345375572,0
69938125,-1
16480597,0
171618851,0
17786911,-2
301500713,1
116235612,0
27551879,-1
186473293,3
70900407,1
24144230,0
55650291,2
226681200,1
221401721,2
195126962,0
349857864,3
44060922,0
54243066,-1
245130021,-1
205888620,1
218318599,0
498214188,0
153617192,0
21983925,0
313426051,0
597700222,0
384264141,0
166795432,1
142250291,0
89051322,0
603082493,1
159297378,1
15684517,-2
431312910,2
24076474,0
24604844,0
444352908,1
20864410,-1
851443645,3
404186292,0
289689538,2
117503376,0
62407096,0
31602130,0
203815329,0
14888637,0
862520299,2
219204111,0
255607636,1
272950698,1
595252101,0
320387726,1
552590599,0
225988631,0
22204289,3
395151341,0
22399448,-1
43577828,1
222054912,1
19394820,0
250398275,1
51264823,0
262278134,1
261761654,1
146704776,1
92151769,-1
342501741,0
562192993,1
386815711,1
129954940,1
112666002,0
190686764,0
108885736,0
391763857,0
625196397,1
91571309,0
318531066,0
623514600,2
36042554,0
192099489,2
184258682,1
140503543,1
455298809,1
39394735,0
23824321,1
264819456,-1
173099395,1
182034954,-1
323360794,0
24670390,0
149967005,0
229497776,0
33791279,0
53978430,-1
265712255,0
80718764,-3
442371950,0
40743645,0
246107425,-1
84462502,-1
541329827,0
518003595,0
92786831,0
218615098,0
15770269,-3
181409444,-2
80729071,0
808260667,0
347311370,-1
23640474,-1
14168427,-1
183024605,2
68659417,1
16426656,0
24325147,2
103433486,0
331286871,0
84556993,0
156899632,0
15794878,0
202833471,0
67846300,0
79898466,0
278721080,1
141250621,-1
474544484,1
272242171,0
63848812,2
614281729,1
192794822,1
192978061,0
32750427,-1
143622649,1
25388551,0
81823101,1
26891142,-1
71777780,-2
436118252,0
561445486,0
123705836,1
746111466,0
294173806,1
256331674,0
190178925,-2
308882349,0
213263464,0
760682095,0
76281051,3
16394755,0
101319101,-1
25806068,0
22513829,0
385328396,2
311840601,0
207216076,1
39592416,2
309325348,0
532382874,2
591042450,-2
61711701,1
34191996,0
96603449,0
596992511,0
237367920,0
228261282,1
204793455,-1
611119672,0
180660267,-1
378916374,0
553159090,5
27121235,1
287957501,-1
94839019,0
531945177,0
36071917,0
297031999,0
46104109,0
275638584,0
27521037,0
429051439,0
31135251,1
93560217,0
161622862,0
268248070,0
105523412,0
78519694,-1
318330178,0
326082785,0
290217856,1
82629804,0
89065934,-2
262738788,0
558069457,1
15845518,1
575835220,0
123005267,-1
9235982,-1
539651158,0
126530399,2
308287551,0
43343798,1
231860595,0
19816683,-1
16902662,0
16898959,2
612415338,-1
63011081,0
328406944,0
44814408,1
74180244,0
263188050,-2
297337181,0
20429020,-1
74584169,1
315555817,3
398677358,0
325106566,-2
244304091,0
449609540,0
457174791,1
50138608,0
126556115,3
35206251,0
167934484,0
254223047,2
457932779,0
3332001,1
916597014,0
919759298,0
65887235,0
454122367,-2
214895586,-1
102141523,0
248258878,0
555347695,0
398282019,0
77763216,-1
135360227,-3
35173792,0
17015168,1
501946653,0
292869800,0
480055059,0
416040284,-1
50503943,0
73497890,1
53797301,1
284518789,0
10702922,0
36131421,0
49053573,2
558942842,0
158210406,0
60866631,2
826299170,0
52342916,1
888371646,1
32167942,1
509502077,0
636149049,2
20265600,0
137771059,1
760350319,0
241147670,2
367189685,-3
119699683,0
435264033,1
216655594,1
5522462,0
150507531,2
42719636,-2
46254245,1
631225392,0
246437130,0
103226761,1
86535437,0
24651255,-2
202447380,0
373699209,1
28707033,0
354523991,0
34626959,-1
26651170,0
33157614,-1
9571152,1
61123149,-1
65528374,0
19372014,3
127448097,0
565091667,0
9661612,0
426437304,0
21513468,0
482261729,0
458018376,2
107179693,1
253365698,0
123643754,0
165578840,1
163993241,0
323839505,-1
55555347,1
333906347,-2
388974334,0
342549290,-2
56680780,1
487463742,1
17883651,1
354462072,-2
426934755,-1
247137949,1
76330124,0
542969778,0
434476354,1
247483143,0
28854460,1
41946803,1
373577704,1
310287143,-1
372972894,2
445019219,0
260058951,0
363797656,1
482402639,1
148663050,2
223400703,-1
165256525,1
61266334,1
20050520,0
350747215,0
98144454,-1
242081289,0
135513769,2
27047938,-1
134438152,0
79074331,2
301139909,2
27707996,0
368343456,2
28294628,-1
776598721,1
300784001,1
227532899,-1
422814730,0
41096468,0
48899364,-2
47393170,1
562796703,1
348219173,1
788108426,0
240012771,0
240730340,1
36303056,0
276185778,1
249856697,-1
67906150,1
30021400,0
510441175,1
5044491,1
107523832,0
714010975,0
494328165,1
230927262,-2
48951962,0
62633528,-1
24920417,0
63932600,0
68604529,0
194449648,1
165742712,1
872346330,2
225860930,2
472511677,1
399648679,0
123036768,0
239636387,0
103294432,0
18589257,0
495811750,0
335630017,0
385914042,2
456311741,1
153167347,0
61560669,1
209356021,-2
19683038,1
40548465,-1
326123417,0
371801841,3
282675787,-3
211687815,1
159217769,0
855105456,2
623271799,0
217509778,-1
297382357,-1
391836848,3
256686452,0
530893507,2
118215763,0
93874882,2
101465967,1
209995842,0
92648159,1
108621190,0
112925754,0
257135501,0
331180650,0
73547086,0
268947428,-1
66972062,1
179622770,0
64870109,1
25628710,-1
46464215,0
18912831,1
25180583,0
272414270,1
268071697,-1
207584849,-2
168596247,1
118180313,0
423702823,0
77637181,-1
367127993,-1
35521107,0
231663617,-1
344185224,0
276044235,0
861598856,0
354203155,0
68432602,2
335741557,-1
31123777,1
43728635,1
105117553,-4
127839614,0
194323023,1
263529559,0
317520479,0
18462843,-2
26137209,0
60284385,-1
427951019,-1
624859780,1
267111688,1
122407565,0
158164964,0
37885651,0
142607862,1
50601952,1
12243452,0
31535122,0
210837317,1
202485179,0
22371962,-1
200261099,1
575995371,-1
199690203,-1
225170631,2
471515880,1
866782710,0
17591828,1
38848185,0
320149524,0
120468515,0
512056278,-1
43637874,-1
32995919,1
392581373,2
375182303,-1
19219883,1
543957976,0
14414619,0
158200128,-2
619152473,0
874370149,1
403095137,1
158775729,1
16267008,-1
41678063,0
207958263,0
439974394,0
169763364,0
427621336,0
274131441,0
30928482,0
17432059,0
75287394,0
345965642,0
37783817,0
33891870,-1
27597037,-1
106935473,0
21271453,1
236964874,-1
263983114,-1
18897331,2
43540053,3
242826853,-2
19925121,0
98874193,1
591460030,0
175249986,0
233371379,-1
332210079,0
162232839,0
239035496,0
27935227,2
237108854,0
861388620,1
59939938,-1
18770239,2
739174783,0
28168092,0
14824156,0
747833,0
334857939,0
557447346,0
37302488,1
368788130,0
58720562,0
21871219,-2
231776924,1
62265830,0
367155425,-1
131211998,1
665713,0
31501713,1
12958582,0
14746895,2
319222499,1
42902297,1
52529649,2
381303275,-1
431196292,0
29242316,1
18587930,0
823958628,0
139998477,-1
346281532,0
167482641,1
16397103,1
352340052,1
388446833,0
44647404,-1
515773667,1
53020330,2
338873990,0
65680195,-1
75856850,2
537876247,0
416363294,1
210927606,0
22813359,0
283015751,0
552397191,0
104519115,1
26639468,0
10644,-1
49917290,-1
34853997,1
49048898,-2
185428677,2
183011479,-2
133970936,1
239385479,0
98940331,1
54494174,1
900232124,0
884221279,0
15764509,1
141284401,-1
163919736,2
708430520,1
18606969,2
50213088,1
553888069,1
102791195,0
20701758,3
601837360,-1
302930972,-1
167047029,0
619002667,0
632423913,0
374229815,-5
220484183,2
21272096,0
178125492,1
39910049,1
208291414,0
155987115,0
346585624,-1
45270993,1
300006894,-1
135560807,1
170948028,1
217691176,0
325982824,0
555427306,-1
7318242,1
310888439,0
31037343,2
22381777,1
728674076,1
23725610,2
7761522,-2
62981269,1
287837144,2
191590676,0
630916192,0
36640651,1
309065406,0
347249167,0
87962896,0
192614254,-1
113160243,0
30468098,-1
155507264,0
217777996,-1
196356981,0
800315304,1
207235269,0
152194744,0
358349109,2
23844700,0
182711240,-1
125656403,1
19262942,-1
700695361,1
27420655,-1
49277101,0
89382923,2
603625724,2
20440352,0
94440947,0
265095931,0
27340005,0
18771008,0
22730365,1
341340085,-1
452667901,-1
203603397,1
70706772,1
69207168,0
15081539,0
26516772,-1
123436472,0
538949942,0
300097931,0
36321944,2
355627154,0
294909271,0
410852651,1
417258041,1
369071318,1
57934776,1
333019533,-1
17865459,0
91852905,0
332530284,0
197601271,-1
478075690,-2
17091853,1
408063716,1
10932622,1
6627092,1
18013192,1
33663855,2
376384151,-1
13651192,1
236702003,0
146463209,1
38450042,1
228635019,0
231775646,-1
73920503,2
51319611,0
594545988,-1
63110938,1
276571029,2
36152358,0
617180363,2
177028557,0
472333245,2
28427719,-1
95462279,-1
512084882,0
210070752,0
62513425,0
901104428,0
394181065,2
538018678,0
883377758,0
23939440,0
550739181,3
125343893,-2
407950028,1
591859634,0
61274291,0
150955901,3
41868268,1
32399954,-1
265238549,2
56182409,1
15471917,1
398069326,0
24674073,-1
14927129,-1
475149628,1
10507832,-1
64301071,0
93522700,0
757089673,1
106972608,2
34725927,1
23844130,1
351424133,0
120546193,0
797057,-1
184451525,2
18803404,0
73218957,2
594630802,1
42755468,1
15419424,0
255941595,1
165688297,1
716595769,-1
20747392,0
368261705,0
46913876,0
65289738,-2
224632023,1
66880063,-2
188588411,2
368108768,1
19713261,2
178069140,1
233809950,0
21889970,0
55120397,0
441305852,2
201645170,2
785067278,0
360300704,0
19141170,-1
104617755,-1
294992214,0
443001054,1
51003218,2
267185076,0
279604702,-1
323449430,-1
217358836,0
461583455,0
302256936,0
32473230,0
78507578,3
21469334,0
187529146,3
453334818,1
325282895,0
734672306,1
721359823,0
825385008,1
75820369,-1
38312091,1
901156718,-2
17688130,0
164553415,1
19600782,0
30842071,1
19885888,0
575327469,0
343369551,2
16546502,0
231460822,0
185312766,0
241645179,2
553144606,0
563632286,1
22010367,2
316509229,0
65009616,1
269135285,0
466358568,1
19752186,2
408162626,0
11096152,0
83886696,0
328162538,0
15055813,0
19556827,1
448608629,-1
44643163,0
29235378,-1
62720785,1
17175213,0
531454987,0
415705011,0
10115042,1
838709322,0
807292394,1
452339121,-1
29583575,-1
355114030,0
253451276,0
491714558,-1
135616590,0
190527172,0
179199663,1
86186700,1
896479644,0
20378496,0
184270826,2
58488504,0
178634171,0
285343906,0
35952250,-2
357485136,0
90443136,-1
102393255,0
416024819,0
17544628,0
535941624,0
120173271,0
48292678,1
262059398,1
317801897,1
63958704,0
259793958,0
134569530,0
289777042,1
246926983,0
22151523,-1
146202708,0
22678872,0
23286019,-1
626312773,0
41059840,2
23698611,-1
115766642,1
88129701,2
523792960,0
496092613,0
228232137,0
282035482,1
93170752,0
363644103,0
68765239,0
145367514,0
66786179,2
488086370,0
54756059,0
40790105,-2
18894186,0
48381079,-2
465357466,0
42026170,0
184118837,2
369223772,2
423890448,0
14825822,-1
164236719,2
16596656,0
501275820,2
366751482,0
240220045,0
121020885,0
238865611,4
64421894,-1
80925812,-1
47909662,-1
733817984,0
446623716,2
52636145,0
723470298,2
330820589,3
85435834,0
81336940,0
19985591,0
36702301,1
333453752,-1
17156984,0
51935262,1
398996399,0
37344466,0
191408681,1
16782697,0
344839662,0
388219813,0
511191300,0
27942809,1
347564651,0
345964231,0
422984124,0
355816525,0
31345791,0
205776964,0
834463226,1
470512223,0
293472673,-1
211352628,-1
97967826,0
460620455,1
138386729,0
34394945,1
74970409,-1
393967927,2
122861948,1
93989578,-2
365101830,1
195348865,0
17938918,-1
139409901,3
214355331,0
61771813,0
851106050,0
15638273,1
97031860,1
249290559,0
382306670,1
39084221,1
229665860,0
208086916,0
503990811,-1
261110915,3
410707247,-2
40513090,1
248813520,0
152556346,0
74368195,1
238325886,2
79762134,0
70279660,0
36168191,0
152914053,-1
314029335,0
118845439,1
26023796,1
2557521,-1
635906752,2
216498618,0
310092958,0
21743620,1
244126934,0
471616892,0
152725797,0
603153143,1
255980165,1
57772652,0
270087140,4
406708872,0
157318608,0
890056074,0
476697478,0
227312507,1
201736162,0
182206138,0
377096768,-1
234463012,1
216779572,1
98050374,2
55325634,1
133458266,1
371264773,0
46438367,0
380851715,0
302595031,1
69434244,-1
136964211,1
615725532,1
21902555,0
283205132,-1
805661868,0
62601419,-2
544197180,-1
16207206,1
361477644,0
269510229,1
144487314,2
151693199,0
1375821,0
16064402,0
122586477,1
362385142,0
333399199,0
413586409,1
538274714,1
524468922,2
157724066,0
64754919,0
389045894,2
63842843,1
505328730,1
17426085,-1
88336254,1
220164484,-1
278573113,0
33698488,-1
26904707,1
545754044,-1
121244566,1
64220772,-1
33000095,-2
219913533,3
26340979,3
54645979,3
245106077,0
430067171,0
18328219,0
160371712,0
836672016,1
565461245,-1
16365686,0
323473334,0
458073266,0
563422356,1
29014549,1
421377752,3
164758862,0
32697466,-1
45630289,0
197184541,3
182632134,-1
144494577,0
168699590,0
28419309,2
33502543,0
305552952,0
521770022,0
44202254,-1
280976916,0
212277484,0
466941744,0
475509179,2
18203522,0
846332208,0
293475378,1
100397620,1
558249357,1
23284463,0
377333842,-1
896275141,-1
629088425,0
459727938,0
359839336,2
253992381,-1
95340913,-1
251485806,3
156095474,0
127141063,0
294148255,-2
208639914,-1
172443272,1
352519863,-1
438212131,2
44231653,0
132001343,2
182015425,-1
346430910,0
270379514,1
16099955,1
417087119,-1
346283691,0
26140245,0
105891984,0
370793579,-2
232346855,1
55963708,-3
798660487,0
14469058,0
34239637,0
28526179,0
351678549,1
887901084,-1
498268108,3
208776992,0
271860573,1
103968262,0
54746706,-1
120461734,0
765010741,0
267635540,-1
180174107,0
216892059,1
544792764,1
372470212,0
32147230,1
426440143,2
36960270,0
223630163,3
140995431,1
309159428,0
25418063,1
881674926,0
165308861,0
119266086,-2
25003901,0
100384559,0
151556858,0
434600082,0
289378751,3
619575390,0
47118147,1
747406040,0
36295355,0
632385205,3
31272096,0
327448861,1
860274984,0
43068480,0
34748895,0
176484349,1
20403805,-1
334864399,0
209764752,0
207002102,0
321447685,1
524023176,0
348993586,0
73294183,0
135026662,1
193266648,-1
109193836,0
554748707,1
175690818,0
84123469,2
250488005,0
85344595,0
32615364,0
52453035,1
242633627,1
100166568,0
303509036,3
336423229,2
504204468,0
59417075,1
610413207,0
151218587,0
252262828,0
110491117,0
387142110,-1
18638403,1
355051509,0
230874736,0
311706699,-1
271582975,-1
26572941,-2
151565525,0
42478391,3
27134028,0
94036160,2
105693303,3
168264957,0
100702708,0
268760950,1
301671545,1
57388924,-1
281275242,1
307564259,1
16157222,-1
174442778,2
43149343,1
602402520,2
157341374,2
240896171,2
284213142,1
149415443,0
25115549,1
274198545,-1
71755705,1
355624975,0
20077497,0
33944823,0
599000933,2
255850816,0
202670194,0
22684136,0
198270143,-1
235341109,0
869996408,0
75118411,-1
715337203,-1
169540715,4
471539916,2
543962166,1
565910644,3
61243718,3
22188352,-2
209853013,1
208589659,0
915918421,1
20063830,1
553372405,0
420143192,1
255060120,1
437851930,0
535537562,1
334851691,0
14817982,0
326705760,0
59796215,-1
22542097,0
165841966,0
261836654,0
15825389,1
98843123,-1
220718206,0
67555486,-4
494386855,0
25985436,0
19878062,-1
24285353,0
44021117,-1
391442401,1
44260055,0
438140992,1
18509396,0
78371334,0
218322629,-2
21480871,0
243688903,0
59802847,0
38606708,3
27017792,1
420390744,0
582997451,-2
154496210,2
608608077,0
16474992,0
156942724,2
26778990,1
562543331,-1
329502489,0
546244454,1
547313098,0
267125215,0
72097314,-2
471320306,0
342816667,3
271946326,0
22518658,0
888246984,0
379984862,0
31157267,0
260425969,0
71529650,1
51615503,1
395299381,0
242341937,3
441386611,-1
292839266,-2
23657275,-1
165404022,1
84760043,0
17918823,0
84403027,0
459720298,0
33251123,1
49433279,0
16454878,1
307276586,-1
107366752,0
230534730,0
21108073,0
203092436,1
43543311,-2
56570462,0
140156243,-2
21775310,-2
15363135,0
53715716,0
359439641,2
873262134,0
2605681,0
828019453,2
622172274,1
28646476,3
224834039,0
353034051,1
233314876,1
60185524,2
131042222,0
105243350,-1
322048467,0
61903760,-1
624790220,0
553085360,0
248604309,1
228161695,0
20668288,2
467664117,0
108594490,1
38063632,0
190284306,1
330378192,1
344730431,0
529691221,0
27471983,0
74622227,1
395832501,-1
361434318,0
47830714,2
398467501,0
40098249,0
348590880,0
16380085,2
106537425,0
111926646,3
27615701,-1
24741724,1
286178742,2
115724488,2
25446006,0
181141322,3
829011518,-1
46582425,0
811894560,0
169900990,0
280142287,1
211636146,1
383627740,1
615354091,1
384957880,0
317422804,1
28459537,0
326685988,1
177642227,0
569234485,0
271877284,0
27446191,1
237958347,0
276090196,2
32943506,0
176170199,0
220844331,1
207249091,0
519547391,0
252969400,0
26461976,1
197501093,0
112327710,1
655053,1
277604091,-2
258522501,0
46254795,0
611533678,2
113264230,0
223748378,-1
18009951,-2
19458579,-1
252122839,0
49889838,-3
888149516,-1
125586861,0
392000020,0
16689815,-1
135038126,1
57501454,0
424413201,0
815590844,0
368494809,0
215693870,0
23542054,1
23399626,3
95596651,0
343275114,2
537549311,3
6107552,1
463882558,0
503369664,0
107426842,0
824746536,1
190105242,1
116848357,-1
29965222,0
146486811,0
308212041,0
313598778,-1
300606011,0
48572467,-1
743515699,-4
277757103,0
284485129,2
14871463,0
362885872,-1
303738017,1
624394504,1
279797110,0
451588562,1
278457615,1
172589611,0
575664475,0
89385794,0
353242188,-1
339957840,1
171577231,0
29220883,1
26037831,-1
390765318,-1
317208333,2
56113402,1
365892125,0
448527756,1
137068326,0
486550931,-1
460420908,2
601817433,1
300627275,2
570360944,0
142707479,0
551317528,0
245172868,0
89462937,0
35171484,1
21131478,0
20674601,0
444874151,0
316873391,1
160862414,0
838327554,0
185243427,-1
247816551,-1
499200809,1
256214746,1
30869958,1
92147749,0
169484369,-1
83478870,2
11672562,-1
150146062,-1
21325072,-2
52778443,1
304917066,-1
734781128,0
216599676,0
327454458,1
20767246,0
310626016,0
100101797,-2
26392253,3
281750234,0
51843476,-1
114946688,-1
34564719,1
237849456,1
346775568,-2
174664473,4
197837325,1
436975790,1
14354316,0
165921775,2
348691527,-1
261308644,-2
9802132,-1
330934596,0
219249219,0
13583852,-1
99638306,2
17644917,0
596835369,-1
85352200,1
333044984,0
130309794,0
385220242,1
281284219,1
222262712,0
203415322,0
214591882,0
298436056,1
323607472,1
55922730,0
180730071,0
16204159,0
339186777,0
397084214,0
117708301,2
271842801,1
81902902,0
265518974,0
483970346,-2
437122325,0
329989006,-1
127678880,-2
187664437,-1
76359660,1
322293778,0
383623151,0
45255744,1
220304410,0
557714177,2
326173340,2
138301329,0
23378312,1
64619995,0
96820126,-1
18653699,0
282545278,1
248771260,0
618167552,1
66151059,-1
19657772,0
109768876,2
257318870,0
23452662,-3
180479383,-1
118512312,-1
73760387,-1
20979547,2
50685819,1
20331728,-1
20923316,2
520321426,-1
619572626,1
88332945,1
19987409,-1
226842379,0
5934312,2
72779300,0
37784018,0
58548885,0
158419467,0
175173613,1
346219253,2
72759711,1
299454853,-1
68201798,0
341854028,0
130399292,0
56831972,0
67337136,2
19948562,3
235637838,-1
156070785,0
40263212,1
534906051,0
311895841,1
417539018,0
19071523,0
55451942,-1
106534876,0
50289901,-1
27826516,0
177490043,2
19903140,0
238001932,0
158833342,0
31645282,-1
406604133,1
37690820,2
307960536,0
23164098,1
111004560,0
471443909,1
33474308,0
76714475,-1
156486999,0
78154978,1
407468109,0
623205262,1
346996966,-1
350096289,0
846602677,1
92429661,0
23870869,2
299505496,1
9648142,0
337926323,2
160085181,-1
321122648,0
70620140,1
81447140,2
709707654,1
36975483,-1
96150163,0
33438978,-1
119443988,0
325360751,0
187482894,1
47208627,1
40539386,0
67229965,-1
208013858,1
134293562,1
23057416,1
490059330,-1
306706460,1
140615143,0
533911137,0
27360153,1
213699650,1
62102381,0
770547974,0
827099424,0
110596487,-2
29559079,0
165826987,0
538983241,0
19827069,1
14334169,0
423295027,1
142725372,1
100392307,1
133134375,0
38335522,1
183379042,0
251271801,-1
342868217,0
30830935,1
613538581,0
568796760,1
16953513,0
18322918,0
83774718,2
258871738,0
716324106,2
251467197,0
770079542,0
15058004,0
140109759,1
113709823,1
19573247,1
80625164,-1
51219609,1
164833452,0
57781032,1
50050797,0
316577087,0
407070993,0
240740870,1
429807942,0
236868883,1
550957683,1
313005431,0
344703336,1
253368321,1
8671262,1
772501753,0
73444373,0
237990352,0
21868696,1
20585610,2
117204603,0
464690043,2
427181063,1
786235466,-3
21256195,1
411039931,-2
29400464,-2
794311686,0
42853587,0
243300346,1
598554482,1
575902991,0
45567437,0
398225272,-2
43167117,2
49313635,-2
737094356,2
547181712,3
128465473,-1
243077650,0
121959729,0
275445712,1
315269468,2
393521084,-1
140559525,0
224206619,-1
17081014,0
620464784,0
701796938,0
27935641,2
145704781,2
510253767,0
236089520,2
541052032,0
167658388,0
459527793,1
21251164,2
353984523,0
119209813,-2
760177728,0
77088549,0
567817247,-1
184327047,2
523957794,-3
364979100,0
342408552,0
237434886,1
40091823,0
65244957,2
217611229,0
18881445,1
302670932,1
165797219,0
407569223,2
24822408,2
575907829,0
157257635,0
41202626,0
14558504,0
325558952,0
23266086,-1
75568792,0
168422187,2
812898906,2
445865264,-2
86862030,1
260405768,0
377806186,1
280099618,1
284494317,0
91649705,0
464877119,1
181754426,0
69375910,0
18687459,0
162062366,1
37918420,1
102836142,0
277399708,1
67128339,1
390027882,0
28027732,0
77681926,-1
372226453,0
416460622,-1
55604811,0
128603236,-1
55604819,2
40362193,1
29548978,2
38956667,0
217035521,0
23817411,0
330200782,0
221007349,1
21682142,0
22718551,0
303053904,2
425922585,2
207898602,-1
129566049,2
284421207,1
289940935,-1
35138154,0
22318180,0
20788989,1
56793481,0
384713900,0
24635989,0
589125265,0
299851041,0
578636588,-1
14860210,1
763619580,0
338230579,-1
215336204,1
213065785,1
151583931,0
83457749,0
249952874,1
493383592,0
32474003,-1
135685875,0
68244172,0
607287796,1
285680794,0
221506325,0
217076971,-1
339438835,1
379004709,0
194890089,1
256743609,0
389114582,0
35117505,0
336282573,1
258536140,2
28316185,0
362655740,1
216110407,0
796915472,0
774150686,0
23108799,-3
333787175,0
16901803,-1
153293907,0
445700237,2
179107264,0
380461069,1
391816197,0
337914486,0
91757779,1
40054630,1
397988692,0
17421818,1
48383145,0
28871724,1
38787844,1
163371471,1
592861162,-1
132762478,1
307059928,1
56158402,0
105517544,0
1095691,0
164923299,0
361889362,2
342070876,1
199839546,0
348788574,1
31155997,1
18900881,0
281520735,0
136363005,1
471168237,0
635720522,1
132843716,-2
83932102,1
21404171,-1
317681114,2
105319506,0
21712997,0
296502129,1
21545962,-1
130377628,2
92567067,1
23717472,0
35370208,3
112490245,0
214323717,-2
727519172,0
39010302,-1
104347484,0
47524452,3
14411773,0
368728979,0
38303316,1
529274460,-1
24856383,1
12700662,1
330781770,-1
177547780,0
49389769,-3
634861083,0
65143443,1
18102027,0
295659521,1
376764620,-1
64625682,0
279158605,0
65688471,2
122432507,0
244725343,1
293690090,0
54395259,0
38286155,3
151702341,-1
300270954,1
93684954,0
553142620,0
236100068,0
631709230,0
35198614,0
321353408,0
258528171,-4
350726074,0
43847209,2
123095901,0
163717457,1
288441574,0
600909460,0
154622353,0
137160176,1
232248747,1
19194772,0
197143742,0
38580024,-1
290148748,1
207835030,0
560280570,-1
17850857,0
27952164,0
763428865,0
19448397,1
68181626,2
584331457,1
75499167,1
368912784,1
305492129,1
342373088,-1
276816155,0
26254037,1
67006491,1
111060272,0
89035117,1
420690213,1
402246257,-2
16230297,1
54644123,-1
284075387,1
34346792,0
29922651,1
47119621,2
22125843,2
584121833,2
833973853,1
51104663,0
410459377,0
41309282,0
90858590,3
347476694,0
18552281,1
391679868,0
182013151,1
226094182,0
15428966,2
99678874,0
17146256,-1
41785156,-2
304767126,-1
158170045,0
343162408,-1
255676274,2
172647791,0
230078980,1
22205952,2
207679601,1
204864531,-1
580264175,1
24805503,1
43683654,1
19921353,1
216482426,0
345521578,0
76566543,1
541836962,1
128848422,0
20028629,0
307436020,1
2066451,-1
285685208,2
177665211,0
88483087,0
44316957,2
249954498,1
265007982,1
182864564,0
17589577,-1
874154569,0
175846646,0
474715675,1
51123012,0
21190784,1
393771920,0
612208075,1
425710026,0
167255608,-1
62444088,1
28016498,2
404057483,0
491815957,0
213741724,-1
331229559,0
422346971,1
117142908,0
92192642,2
306117379,0
294176889,1
61858272,0
522679275,0
25319414,-1
583703650,1
476857926,0
310305819,0
25533139,0
35813696,-1
124950761,2
310686833,1
95521694,-2
79045783,0
30175337,0
212124501,0
15767107,0
821776364,-1
131984874,1
509111483,1
175599181,-1
19426551,2
333355307,-1
291282792,3
232942645,2
26057364,0
171598747,0
169184705,-2
363827369,0
144301368,-1
178490088,0
412870727,0
410297617,0
283620540,0
17670912,1
742697305,2
15099910,1
378831444,0
20954885,0
468071218,0
169788911,0
102811600,0
105243232,0
70261050,1
345694158,1
155997995,1
19184796,1
61577322,1
16181537,0
84541725,1
22503207,0
120479657,0
27982261,0
277852448,1
168890220,-1
548752258,-2
522177290,0
161094215,0
880490995,0
741126950,0
155799439,3
284332375,0
302322409,-1
26458463,-1
26349233,1
311092112,1
52888361,0
320664099,-1
548250906,-2
263618680,0
33729316,2
299874035,0
17528001,0
394856294,0
301301949,-1
178634427,-1
284507844,0
102575027,1
243504952,0
395625118,-1
39773566,-1
439507318,-1
103237898,0
14663319,-1
28931964,2
354242541,0
835915333,1
167635622,1
21605889,0
65887183,1
196464876,2
258565856,-1
565415251,-1
62098421,0
266040406,0
44819376,-1
250020587,1
32599243,1
895543830,0
167714597,1
36754346,1
22385020,1
308218953,0
273258520,2
118384493,-1
432174507,2
45190241,0
67217910,1
803461274,0
269301788,0
570790242,1
186933571,1
138926426,0
54359681,2
54219366,2
371044979,1
43306454,2
16053830,1
38137455,0
126746086,1
39522290,0
17436164,0
387784130,-1
20586110,1
454508917,1
39901163,0
44887270,0
19534874,1
115435421,0
106169450,0
45610204,1
20864087,-1
309632476,-1
322896673,0
195558303,2
797945214,0
521168973,0
185748155,-1
174665781,0
382438237,-1
218027755,1
98465700,0
119093322,1
79575847,2
17822055,0
29682558,1
47171512,1
359530424,0
67466193,1
338672777,3
236351971,-2
32262448,2
565810676,-1
252899074,0
52970544,-1
104070846,1
32284898,0
383193884,0
265234473,2
173933198,1
331758628,0
139189120,0
117150476,0
74333988,0
287179088,0
33674412,0
241049629,-1
18091004,1
30195882,4
27723907,2
143746259,-1
283519321,0
19224100,0
165442185,-2
72435952,2
182194111,0
388312166,0
32392080,0
587092903,-1
871141279,0
126024490,1
57599330,1
20689622,-2
75456488,0
246089762,0
58297064,0
57915214,0
360044511,2
149401554,0
21069858,1
22795009,0
223570353,-1
25520229,1
191945151,3
264441295,0
131266702,2
23055185,-1
19599498,-1
796660064,0
277861394,3
249190125,1
557439372,0
568574608,1
62984265,0
375405706,0
42593883,0
151152680,0
36517503,2
100149557,-1
230240300,1
66196277,0
41461924,0
53420502,-2
161726185,2
23283299,1
465402252,1
70529649,-1
30233254,1
198814114,1
18712398,0
631021211,1
403356939,0
244766690,0
34914041,2
56186836,1
227533592,0
56772360,-1
852820200,-1
205313165,0
350429629,4
70257698,2
47382772,-1
251975295,1
31565838,0
41540854,0
181992438,0
556974076,0
67570505,0
459999593,1
49322284,2
26631939,-1
427283906,0
161264533,1
546901806,2
304231752,0
296927244,-1
188890945,0
225099197,0
17902401,-1
299047270,0
564923078,0
217685779,0
345903034,2
19549155,-3
552349049,0
746745372,1
95591997,-1
85462064,-1
567275362,2
354555419,0
50532153,0
62532802,1
294559107,-1
96849368,-1
276643854,0
98467574,0
174378979,1
100902161,0
766415527,2
76714350,-1
98698262,2
320041031,0
495791620,1
343822825,0
18749117,-3
277276322,-1
20476232,1
395663968,0
37340424,0
420021968,0
26452984,-1
373190820,0
355938183,-1
838254116,1
243861856,0
832804410,2
106145949,2
31252669,0
453361422,0
74888888,1
312872826,0
261634967,1
19123306,1
32466602,-2
529199506,-2
69508768,-1
181101955,0
230503614,1
5854302,0
339210742,0
118037562,0
15485578,1
18645586,0
162545358,0
204523240,1
99260593,0
21910310,1
76553697,1
9728952,-1
334252304,2
373108262,1
59305495,0
71286461,1
280053148,-1
537497467,1
67065526,1
65110784,0
111142570,1
62841743,0
7827172,-1
149423224,0
18750806,-1
274872330,0
39835948,0
637395687,0
119955547,0
270423658,1
117978969,2
508657671,1
21781931,0
517193298,0
721152140,1
354323495,0
53327958,0
18307528,0
775698020,3
9855742,1
31155225,2
178609244,1
29366588,1
267677604,1
589861298,-3
124928044,1
43775846,0
370142654,0
166666099,1
255409192,1
93834352,1
78645751,-1
427708273,0
581460097,0
201618415,-1
161771611,-2
461010765,3
101616998,1
98263841,-1
37398079,0
278163870,1
274361338,1
18223982,0
248089791,0
368378534,0
16426077,0
301469264,0
183682298,2
853095716,0
560439293,0
357321526,-1
23603258,0
765237787,-1
18610022,0
315836274,-1
423182572,0
315605046,0
47140638,2
106328992,1
488674050,0
106277474,1
88070022,0
382443026,0
371917456,2
129924566,0
39854115,0
199300419,0
298159041,1
155762352,1
22274950,0
337914268,0
180027534,1
20839900,-1
101918006,1
36028034,1
18758825,0
235855923,0
14502819,0
18440463,0
413211241,0
32534362,0
175959942,0
69361570,0
121950254,2
141597694,-2
607858464,2
98736767,0
457549667,1
166268318,0
27146510,0
177754033,1
32575041,3
51291182,-1
91441301,0
136014770,0
401613453,1
44025024,0
63861155,0
65384314,1
298042956,0
15874918,0
216182873,2
17781471,-1
175065191,1
335542010,0
636386916,0
60101766,0
20562203,0
22426475,0
116628196,2
24439201,0
14918577,1
80957405,0
391823045,0
872261180,1
267202060,0
581925566,0
35720429,1
107996155,1
195728807,0
271756352,0
463661547,-1
587464106,-3
56693147,1
785659806,1
5664792,-1
84115355,1
49379092,0
139184091,0
403776058,0
15940915,0
96235413,1
194269338,0
370921462,0
130929236,2
363312440,0
80252413,-1
747740737,-1
158512580,0
571756050,0
30782456,1
315463342,4
507303395,1
26995631,0
54199088,0
39671383,1
853146211,-1
42640059,0
14340657,0
412045249,0
282610908,-2
19839740,2
367926720,0
440921948,2
77629001,0
513575787,-1
299941485,3
45450902,0
531994655,1
597210923,0
867298830,1
14613324,0
373022265,3
14198175,-1
27772453,1
263293181,0
270615222,-1
859096723,-1
19951102,0
23702012,-2
125082576,0
198940680,1
144382466,0
431859784,0
461735129,0
16250929,0
221867572,1
137396048,2
18069358,1
20645542,1
27173005,-2
905762468,0
289204052,0
197092073,0
179606709,-1
340837267,2
807571530,-1
64205103,-1
32768162,3
292700110,0
5912962,0
618706287,-1
21046881,1
259597230,2
568852619,0
57151419,1
290896342,0
96623770,2
241057619,0
45143149,0
37269366,0
234494726,0
833155597,0
68732262,-1
95143569,0
10420662,1
333678878,1
579861273,0
184987978,2
22006155,2
234505253,1
411952663,-1
106838858,1
97620428,-1
356074016,-1
103386218,-2
38026789,-1
458060802,1
601917534,0
106486037,0
316414019,-1
217230324,-2
353312163,0
514675821,3
633045937,0
829736215,3
39872392,1
186684709,2
15296897,0
15696616,0
608733152,0
18319419,0
355275030,0
195893284,0
426121345,1
466435926,0
200816274,-2
19624721,-2
916133948,0
58219962,2
19841902,0
564824751,0
114274058,1
58602602,-1
372545228,0
17773964,1
378161858,-1
279157062,1
574021965,0
21210899,0
49857306,1
63034409,-1
274764708,-2
245034403,-1
513653526,4
72751291,0
23365683,0
8059572,-1
35762077,1
280803839,1
864992245,0
67740784,1
19046694,1
363931149,0
40941404,1
23570909,1
14550149,1
218790403,-1
37318060,-1
17491872,0
355448383,0
293111000,1
198437307,-1
287201811,2
259074027,0
28116951,1
22388765,2
10959452,2
471416666,0
211393445,2
27952027,0
362048828,-1
225262215,0
394900582,0
243438108,1
34296252,0
40975097,0
71167554,0
844694461,0
8345852,0
34989273,1
548599797,-1
102801836,2
238766652,0
434649810,1
47384063,0
456969230,-1
174173090,0
519119376,0
274849657,1
163998890,1
632318467,1
74748785,0
113997732,-2
363139446,0
61221641,0
505536911,0
67727890,-2
171536462,0
213469113,-2
109424162,0
75216315,1
37139591,0
67084661,1
301026972,0
363795716,0
275088542,0
133754209,-1
105382480,1
163392743,1
18300880,-1
382180800,1
80270548,0
5857352,0
125466639,-3
265372812,0
424347738,0
74799572,1
144358410,-1
45706858,0
73329631,1
23159696,2
5393782,1
299711120,0
228498230,-1
240539791,1
39651447,4
203784444,1
24142167,1
228068014,1
175523498,2
23972064,1
302022886,0
437573505,1
119419264,0
860410189,2
391892475,-4
372744637,0
320489324,1
15759290,0
561636862,2
831841020,2
327523887,0
38284349,0
35916600,1
464521689,0
465417608,-2
255886281,1
19343149,-3
281258276,3
319422496,0
59481866,0
30955297,1
455760959,0
14612483,-1
257030114,0
162250062,1
98897658,-2
554295062,1
393115054,0
103479442,0
374664755,2
377379259,0
168793226,1
780123457,-1
349107373,0
344213233,1
9141832,-1
33300456,0
76469604,0
185455635,0
148799007,-1
60709751,0
567009037,-2
15595632,1
280390110,0
314933700,0
739945399,1
35947594,-1
305908327,-1
15398356,2
211774534,1
30804693,0
291128413,-2
278680615,1
47844809,0
68172909,-1
14188985,0
282034984,5
535292825,-1
182294790,1
281406742,-1
42785741,0
294793297,-1
789899838,0
175514999,0
105578059,1
237411379,0
577286620,1
157628988,0
158179484,1
305635299,-2
92158521,0
279863712,-1
37093809,1
29906858,2
27646245,1
106422218,0
67505867,1
87700284,-2
74279257,0
41753392,0
418054364,0
14283914,-3
525437517,0
104643357,0
31445882,1
313445551,2
24456457,-1
376259452,0
30541491,2
568399773,0
336179955,0
167947794,1
20522881,0
380711855,4
918851108,0
207516037,0
96705511,0
177219633,3
393562143,1
250180263,-1
425043697,1
36706727,0
15433739,0
25733653,-1
605072900,1
132327602,1
351251321,0
38420781,2
148593548,1
135836213,-1
177681312,-1
24935882,1
313395392,0
201962848,-1
533752023,1
17990173,1
14524704,-1
15428984,-2
498727596,1
17989166,0
97906447,1
347423655,0
97321397,0
226548823,0
400051029,-1
109041471,1
263903608,-1
151245076,-1
13269792,1
127520844,3
367653583,1
508351957,1
545917436,0
228146611,0
175973778,1
227651864,0
24053331,0
458981162,1
32215290,0
100048081,2
7532872,0
105915959,2
831714637,0
204457721,-1
304155744,0
309956817,0
376005446,-2
133446727,1
206952943,0
165934482,1
57345424,2
319501017,2
458228730,0
46168683,0
238519413,2
128120937,0
50025826,-2
21717951,2
621161326,0
442137561,0
248388500,1
34551868,0
190163317,0
14217022,2
437930126,1
64725429,1
343151579,0
319749260,-1
55150066,1
235316687,-1
171863474,-2
914174288,2
11804402,0
242746743,0
14370819,0
123837782,2
245624274,2
343334562,1
541060036,0
108618301,0
348004151,0
520966739,0
353946567,2
818725716,1
170394787,1
29416980,2
170277278,0
536715611,0
579245862,0
279921295,2
162545313,0
170705514,0
239420854,1
170772716,2
219530241,0
114557697,-2
16383461,0
43099065,1
550794376,0
45016668,-1
20783489,0
761478902,1
62057114,0
580086174,0
59981766,0
62361879,1
800449532,0
484372712,-2
753528871,0
101247076,1
280150620,2
342518684,0
117907394,1
1572631,0
117340905,0
20965719,0
203696878,0
80055968,0
284211948,-1
8321682,0
270691819,-3
178638669,1
475901685,0
781506662,0
569464325,0
18915145,0
14067678,1
97922344,0
294859383,1
199434133,0
892613528,0
16999825,0
40531830,-1
116065752,0
269859431,0
339277860,1
887708780,0
165875443,0
404654419,0
317694409,0
37617460,-1
447743653,0
67857874,0
14549655,0
735753764,0
290247202,1
292684772,0
323167440,0
71031109,0
256163722,3
160776483,0
25929968,1
20756067,0
6640712,0
220419804,-1
63035415,-1
606580886,1
17174258,0
122547094,-1
161308987,0
107723930,0
107021204,-1
517316037,0
20196159,0
17212909,0
102595585,0
848417731,1
273570769,-1
16163639,1
299641358,-2
15131462,1
90459033,1
458398831,1
29701948,1
538454869,0
36024291,0
543536899,2
93059585,0
153940004,-2
629572583,0
71777877,1
887677435,1
362805487,0
226460012,0
141387527,-1
734347561,1
19772879,1
185430009,0
58160183,1
18425143,2
574310977,0
545662008,1
39089882,0
209219906,1
530963169,2
597172413,0
195069975,1
41326266,0
40256296,0
51940045,0
8358972,0
154557495,-1
185196363,-1
265744779,0
374070125,-1
124349858,1
839191610,0
141965001,0
50474482,-1
596931391,2
42691303,1
340742345,-1
24800641,0
246820116,-2
23678594,0
576423773,-1
107628564,0
171240696,2
78431275,0
18382918,0
73550542,-1
527694662,-1
115281630,-1
168622728,2
215613422,0
23269591,0
727131859,-1
382403760,1
18110747,0
345152159,0
393230101,0
29052862,0
393953025,1
547604373,1
163367906,0
107519995,1
110860696,1
48832137,1
34879851,0
14539324,0
138283289,3
602520076,-2
572328691,0
125735633,1
152640267,1
47585775,1
422017060,0
394684437,1
55806648,2
36679450,2
268497470,0
882653786,1
601803511,0
48260635,0
365053386,2
149493152,-1
44155244,0
415962229,1
244204216,0
235455942,1
784082252,2
172480092,0
14475875,-1
47330349,1
474646114,1
312552787,1
297911979,0
122720195,1
349630599,1
279703261,1
21542631,0
41037925,-1
157431725,0
279268715,1
213522933,1
96982553,-1
179876471,1
387512937,0
407729607,0
80273474,1
370593392,0
69614549,1
90333241,1
312145142,-1
62464176,0
38501400,3
314452976,0
272448637,2
575183115,0
144271076,-1
117843794,0
270508974,-3
27720040,-1
231729018,0
286339422,-1
918867804,0
15046674,0
365989238,0
588149429,1
169306253,1
52047400,1
295461841,0
15018343,1
33442620,-1
93058044,0
28564504,0
63150255,0
123354809,2
301527968,-1
84361728,-3
163989583,3
138930681,0
17692887,1
410604095,1
344927894,0
117318947,-1
405447279,1
359260423,-1
178537084,0
27739781,0
547104413,0
278923328,1
210024810,-1
359484796,1
14575516,0
134971995,1
50802964,1
36375662,-1
176118296,2
116852096,0
50699745,0
254101362,1
493942258,-1
73225701,0
53572999,1
31941143,1
105983628,-1
235164080,1
163826804,0
127937619,1
851968027,0
64465376,0
459716085,0
224049390,0
264629286,0
44552303,3
91693266,0
66251511,0
306778913,0
126663245,0
202642341,0
2752601,1
362331386,1
708340435,0
109621494,0
39954001,0
280219991,0
102497147,0
304105296,2
536949309,0
92260077,4
244570235,2
263250793,0
198357588,0
42429014,1
242802530,0
172533762,1
245308008,-1
116176753,0
55576995,1
24386160,1
404829132,1
123642881,0
224923472,0
85385896,2
187778360,0
101603701,-2
154414540,1
19806139,1
17428834,-1
255096038,0
277851715,0
54033567,1
223148100,1
20040971,1
16952838,0
24115508,0
548745589,0
64177425,-1
60485432,0
802576196,0
29027334,1
212711543,0
402246371,-1
412603173,0
17114749,0
18809668,-1
616770435,1
113456781,1
21351422,1
21895603,2
43851367,0
62886153,-1
533262095,1
37628326,0
111064689,1
33945796,1
29877731,1
358342984,-1
20710898,0
46277882,0
286259762,2
64607133,-1
43351694,2
247646676,1
163637466,0
103268829,0
40212067,1
295222263,1
3015401,2
380276982,0
420764116,0
302497647,2
346826218,3
146429937,1
99538498,1
325583692,1
175664068,-1
17636490,-2
324607592,-1
440492349,0
252735338,0
17716637,2
7277082,2
121628336,0
90942454,0
356421813,0
162187706,0
134602625,0
12645672,3
18177378,0
366270281,1
97173739,0
337991139,-2
620452122,1
23090680,1
240970245,1
58394565,-1
396410321,2
399693343,0
178691385,0
163172046,0
214985512,1
303427768,1
25531732,2
51993434,3
177603947,0
30819828,1
15493597,1
21678432,0
133820543,2
302225540,1
290249353,2
498280527,0
447646262,2
18714943,0
806948995,0
448574660,0
362681164,1
26522223,0
211201889,3
252683296,0
36232876,0
267317235,0
95101495,-3
364006913,1
16741035,1
242895807,0
471633847,0
132798071,1
230611052,-1
188871405,2
418036191,1
47642864,1
315195661,1
55094525,0
227690611,-1
329836462,1
21772352,1
558297339,0
259504953,0
308750277,1
232426009,0
228112793,1
337359206,0
15316607,0
422352080,-2
64351004,2
156399860,0
39973709,1
711565916,0
34569649,1
472489174,-2
411773462,1
272193704,0
54860952,1
261825826,0
253518541,0
30253304,2
42560466,0
111801874,2
299679052,-1
282144337,0
784995421,1
28889219,0
30235138,0
861701912,1
43189015,0
267368427,-1
212430742,2
382459056,-1
436378914,0
293898549,1
343841467,0
393657655,0
148103434,1
201517272,0
188000941,0
355944941,-1
22930185,1
372413682,0
19203964,1
297691008,0
27004471,0
885888625,0
239601495,0
192814675,3
19468403,-1
916036898,0
481683223,0
36742711,1
147899951,1
606522136,1
562844010,1
82201075,0
491756530,1
623133388,-1
40657916,-2
383546445,1
21661424,1
17747332,0
35893160,1
13171062,0
43003774,-1
72438659,-1
797462418,1
477030230,-1
19200262,1
41499153,-1
19611487,1
452563055,0
342293297,0
18012576,0
146489694,0
21955062,2
51091953,1
787298834,-2
634430139,-1
14188353,-1
500901909,0
254488759,1
172888225,0
14414855,3
609103932,0
220447654,0
822369865,1
915807318,0
14328299,1
55784041,0
52458924,1
356014436,-1
301591926,0
751855164,1
219922856,1
72691447,2
53664485,2
59942111,1
15844712,1
35499827,0
369791064,3
427501529,1
50909879,0
227431160,-1
187123808,0
287772617,0
86638801,1
160648260,1
613425318,0
28801648,0
515247513,-2
472208861,0
212696655,0
562379444,0
38519489,1
24320388,-1
259298834,0
37448987,1
188295647,0
116534252,2
153232385,0
165547317,0
55337142,0
423511427,0
151617599,1
140044667,1
704891766,-1
717199926,-2
189174680,0
856777526,-1
234999639,0
569551391,0
248449755,1
456756712,0
277106451,-2
301742126,0
79708251,1
21127251,0
286313601,3
229194527,0
627696130,1
87706545,-1
103784921,2
48765071,1
5014261,0
198451903,0
542075337,0
334999027,0
912938288,0
20148995,0
553642348,-4
51903649,2
605024856,0
284993124,-1
26859111,-2
790538624,0
21130980,1
318690621,1
54423384,2
350451819,0
136383061,0
18798098,2
54841850,0
222685832,1
23155633,1
230687653,-1
18271391,1
561611330,1
35182772,-1
56377038,3
237074709,0
46476187,0
125421276,0
144674812,0
297380362,2
286973495,-1
32704887,-1
128920982,1
32397083,-3
217057577,1
610495100,0
305096142,-1
49009971,-1
466431537,0
32574060,0
201148169,-1
407601204,0
223921700,1
36737727,1
73448257,-1
268995433,1
142476472,1
299863744,0
316047246,0
456567585,-1
301592597,0
193710120,0
41271196,-1
732641972,0
208302178,-3
143977321,0
591625290,0
203926466,1
221598645,1
37619827,1
774213259,1
37104970,-1
118557560,0
3201041,2
419982827,0
805583215,0
314514138,1
40412342,-1
330156409,0
429531086,2
404847878,0
554007074,0
274122647,0
347281420,0
155373810,0
112595760,1
197872089,2
247155990,0
433602977,0
574911622,0
241796983,0
152401332,-1
302039758,1
397856928,-4
21608662,1
22663180,2
610157483,-2
27973790,0
143184246,1
162336197,-2
348243148,1
147107729,0
44776017,-1
137645230,0
156735276,2
44054247,0
428841738,-3
562408949,0
498832018,1
337700729,-2
43085350,-1
541481614,1
216900427,3
80716015,0
358029935,0
291428413,0
151136438,0
22903166,1
326557885,0
46546984,1
28873106,-1
230102705,0
342459504,1
440812931,0
408515870,-2
842549528,0
393113977,0
79601816,0
14780102,1
18783831,0
71817244,-2
297782292,0
472283764,0
17572822,-1
54471828,0
430158138,1
716754612,0
20438527,1
29854638,1
17927012,2
27428786,0
39129998,1
587359191,-3
16530805,0
217761583,0
73078085,1
51833213,0
48352874,2
47589102,0
21635603,0
443762755,0
798911048,1
883126698,-1
19192748,-1
404235335,0
17615946,0
383174595,1
46436706,-2
486976879,1
164466867,1
21350323,3
735432258,0
49032667,-1
253131769,0
173635297,1
79258361,1
259975090,1
238788931,0
41994410,0
347284853,0
129145854,-1
174227542,0
22059204,0
19319379,-2
87476588,1
136935512,0
12581102,-2
20022864,1
401605092,-1
30675623,0
223639114,1
25785311,-2
174298088,4
279925750,-1
167968838,1
356338116,0
63490255,4
400251105,0
26809005,-1
61617150,0
20092607,1
21102448,0
900598226,3
378016265,1
46620682,1
98129620,-1
77292244,1
286365986,0
188999676,-1
32629878,0
180385367,0
406296344,0
185188211,0
16674902,1
173445051,2
577067868,0
634811048,0
161543358,-2
22309653,2
338069340,0
24397849,2
479927901,-2
61128118,0
64967731,0
243973466,-1
390897209,0
20034203,0
52538072,1
232054890,3
142136889,0
539688945,1
407395156,0
27482027,0
225435450,0
66916018,-1
474604851,-1
50118668,0
30471882,0
191444054,-1
62604922,0
77819658,-1
94011057,-1
325867894,-1
39665825,0
63033975,0
296320231,0
251388134,1
107532072,-1
285917482,1
24564403,-1
242368565,0
384034628,0
244058670,0
186190400,1
225095222,1
145415756,1
109016107,0
145107477,-1
32131194,1
264469741,-1
93876866,0
32127518,0
19569187,0
27938870,1
188403413,-1
842168137,0
224384547,2
53168530,0
739428984,1
203770367,0
25982432,0
192590613,1
264192692,0
538520173,1
15348564,0
38292346,1
11644692,-1
19751593,0
265301982,1
120362612,-2
106681745,0
154812395,0
273154883,-1
22332926,0
713536400,1
134953930,-1
33180741,0
215007525,0
416047598,-1
24144526,0
36117951,0
258768909,0
32863197,0
526948850,0
433625759,2
18169589,-1
289714354,2
14921918,1
415571318,0
498132154,-1
42648691,0
552462422,0
17689859,1
27607898,1
459183999,2
17104996,1
151968486,0
318668071,1
412856191,0
170417924,-2
909453734,3
322995122,0
115340273,1
17344338,-1
300393461,0
22782709,0
591071093,0
15829284,2
473187992,0
59342982,0
378836309,-2
99966995,0
151508714,1
867899089,1
136330839,1
249457778,0
21684283,0
111034886,1
54333431,0
114255419,1
131318450,0
93946096,0
70524386,1
750250838,0
75459354,0
75441787,0
252688473,1
209375477,3
212311226,1
21425549,-1
114577718,-1
501874558,1
201163018,-1
286055526,-1
284325192,-1
265368547,0
617695760,1
165889123,0
14189626,0
36657717,2
85471048,0
278312063,0
367410658,-2
288796952,-1
34697750,0
367399217,0
355721826,0
420528887,0
56480353,0
357125754,-1
300616187,0
627831432,1
30692269,1
102060476,1
147444148,0
413059816,0
17399730,1
43086874,0
310001954,0
75964169,0
384939405,2
114526646,0
248007589,1
187318472,1
90408018,0
52164187,-1
325679625,1
389039929,0
519310718,0
16124837,0
612263354,0
798029714,2
165830856,0
340364994,0
76437836,0
38901415,0
132006989,1
19992655,0
776723245,0
33916515,3
14989779,-1
47618120,-1
71365101,1
200720096,0
38404334,1
112236647,0
85844674,1
34341165,1
336867958,0
48646629,-2
711725886,1
171607101,0
257635793,0
329999835,0
41215523,2
45934984,0
60727396,1
262886041,0
268633590,1
185191611,1
613043703,0
110073231,0
240127418,-1
266759799,0
355189719,-1
21245627,2
602238722,0
401391920,-2
515983227,1
46590325,-1
263587117,1
115672217,1
382157504,-1
23162578,0
253124500,0
313835031,0
327477823,0
29262313,0
25181326,1
89697768,1
22316661,0
91200351,0
155725697,0
195836839,0
20232065,0
370067656,-1
107677551,-1
168497042,0
36693404,-2
160639448,1
336680378,1
114905640,2
162781363,1
295917210,-2
25904710,0
524017518,-1
46283556,0
40487899,0
323305063,-1
141270056,2
399038890,-2
21333529,-1
347969859,0
488889476,0
577216441,2
50879222,0
218419044,-1
188392011,1
55188830,0
63808899,1
194930259,-1
117814006,0
386927851,0
147732329,0
23018240,0
24069474,1
59459031,3
325895428,1
74596037,-1
60155794,1
239796028,0
189442867,1
88286637,1
51805373,-1
48633828,0
369340641,0
28257940,-2
73171523,2
165214633,1
252626004,1
839910506,0
501128500,0
29518051,0
278788767,0
106324907,1
128957669,3
416296996,0
234995513,-2
577250408,0
220417657,0
163741986,0
348388875,0
336998858,0
241264870,1
89981182,2
17296530,2
202009410,-1
184113724,0
42049803,0
415621746,0
214307858,0
28431209,-1
101576885,0
85157060,2
284972004,-1
293310280,-2
283866253,1
19464472,2
308480059,0
746975958,1
600894228,1
78199344,2
803672629,1
22876775,1
32099714,1
167994056,3
262473877,0
277267176,0
48282921,0
498007723,2
240529063,1
14114872,1
357743354,0
373472330,5
84660127,-1
177332780,0
28688803,1
123090769,0
424457032,-1
30272233,0
823523827,0
21946424,-1
125459927,0
15140428,0
327897052,0
522661225,1
26569171,0
20231956,2
21137575,0
882028448,1
143053356,3
308771567,0
241548376,0
554658598,0
45166526,1
67845619,1
232216957,1
609934742,-1
599509100,1
274904063,0
129346647,1
29538044,1
269735799,1
633263206,1
266554089,1
23249608,2
21917233,0
59507141,1
35441586,0
451249374,0
234809835,2
366083367,2
312824194,1
23402859,0
313137808,1
255611344,0
91832159,0
315547932,2
113097883,1
567405245,0
57427831,2
501134907,1
797017980,-2
436208263,0
42564445,0
367452857,2
252260395,2
515356135,0
261630265,0
75489344,-4
397148017,1
144898981,2
914746094,1
258236320,-3
305277813,1
200769741,0
37378257,0
233034118,0
166845078,1
174482465,0
38621292,2
323093306,0
25322188,0
19479061,0
21024989,0
280480214,2
43639074,0
30814423,2
22023038,1
400360169,0
365550677,2
40596111,0
721952256,2
582671086,0
115054596,0
173908484,-2
485901139,-1
450158883,0
400541448,1
284106378,0
107145577,-1
7807292,0
345296865,2
231651039,1
470466452,0
42549931,-3
19961694,2
259947123,0
783368893,0
171607513,0
212403124,-1
357555609,1
901439814,2
117991218,0
45375796,0
411669457,1
459608648,0
156884369,0
256265574,-3
454044255,0
273793779,0
501268612,1
127636502,1
300738664,1
260882576,1
360102298,-1
608460361,1
346122711,-1
40114078,0
224961840,0
528515216,1
31620782,-1
330837018,2
85306789,-2
15631549,0
30767814,1
477419605,0
127731483,0
55528954,-1
14732429,2
75998666,-1
22576224,0
17025854,2
4903201,3
895837927,-1
325328793,3
560259146,-1
497155084,0
313514082,0
329317762,-1
315658687,1
456244573,0
161805884,1
657323,0
385766013,-2
18516728,-1
107046924,0
15948594,-1
523610266,1
179774971,0
20965040,1
195235053,1
312330467,-1
553882398,0
43417590,1
17577879,0
21791239,0
560091707,0
17562642,1
846321830,0
396920899,0
15443632,-2
810226472,0
57417855,2
397705391,0
73409156,-2
129585625,0
161872469,0
223220973,1
347915191,2
63455353,0
152744773,-1
100986964,-2
28208952,-2
218406660,1
61640045,0
104051947,0
192955918,-1
20462947,1
417756246,-1
158862435,1
451593484,0
23864998,0
52115644,0
211244909,2
236642926,2
762278132,1
129906416,-1
2957091,0
701723088,0
414213514,-1
389925947,-1
21447015,1
41886847,0
528478048,-2
392567857,0
150963584,0
18324868,0
27995805,1
452238901,0
545436446,0
75095461,1
350669079,0
75131541,0
18847909,2
65732160,-1
455089811,1
560318086,1
17768833,1
18807749,0
811805167,0
26581470,-2
235272592,1
314613453,0
246222514,3
93097275,1
266787604,1
524260871,1
115026377,1
37086125,1
712405182,0
14603212,0
344287840,0
552594748,0
33395114,2
291607524,1
59005640,2
557414614,1
311538567,2
222847105,0
19389623,-1
104759075,2
48053746,2
212320295,0
256363007,1
8616252,0
338491274,1
576278712,0
141005297,1
17165909,-1
14918147,1
327013851,1
310302359,0
59298245,0
11483282,1
48453336,0
624776677,0
392877820,1
497986603,0
534161790,0
522965931,0
33531890,0
538092287,0
47851188,0
78514176,0
15846407,2
562924070,-2
270910384,1
230264469,0
113726128,2
46817117,0
337497522,1
19469610,0
28069502,0
46476923,2
83177874,0
58854397,0
274713038,2
40963830,0
50579139,0
165158547,-1
514439234,0
153006415,0
76288540,0
45544240,0
917929088,1
59539099,4
88549887,0
180650559,0
125990046,1
58322496,1
348180433,-1
31357534,0
206774085,0
337636976,-1
148016974,1
62592166,0
369001092,0
20868413,1
498931262,0
48912880,0
47681712,0
19084691,1
271259230,0
335066278,-1
132506556,0
344657083,1
593072030,1
100928046,2
64224240,1
46230498,0
18751577,1
320600715,1
11594422,1
420513635,0
117938088,2
20447588,1
324024263,0
51854908,1
159192471,0
368017212,0
631393623,0
329972733,2
228519181,-1
350582441,0
67049858,0
213385721,0
115574281,0
75111267,0
203740421,0
14275624,-1
76873446,-2
280997311,0
20954074,-1
15010061,0
257224297,-1
31039654,-1
491068129,0
23346086,0
766626499,1
889066070,0
356422180,2
20790050,0
124134222,1
377474736,1
378343487,0
487277064,1
19739348,1
15435220,-1
55175845,0
723681540,0
182397930,1
390486027,0
435303424,0
95546483,-1
320428296,0
15033158,0
37223786,1
309811330,0
430519387,1
66317952,0
558570297,0
106840349,0
242183716,-1
377517912,1
73767786,0
94390273,-1
428322107,-1
302005731,2
17331252,0
283492691,0
291015738,-1
15237692,0
445198479,0
224798622,0
243370706,-3
475880217,0
160347765,1
20161159,2
619819759,-1
23463284,0
15862809,-3
365397311,1
290120812,-1
243196788,1
22111480,1
455302900,0
40208750,1
14891966,-1
393597620,-2
253362987,1
278296394,0
23985899,1
419826564,1
108978449,-1
324205682,1
34671803,0
317328637,0
48718901,0
33446641,0
83933389,0
120627815,0
430836090,0
36597213,1
64688279,1
84494186,-1
285143002,0
249022239,-2
577911672,1
225507176,-1
37610602,0
368931867,-1
243762639,0
208816833,-1
95442823,1
832164745,1
17997441,0
67771614,2
329213773,2
305375129,0
366628779,0
316499220,0
6563122,1
211270920,0
53013930,-2
257416103,-2
633002710,0
127567306,1
820223916,0
19538696,1
598602897,0
50488511,3
333615495,0
749786840,1
437315502,-1
36305145,-1
57409112,0
47765270,-1
124052077,1
76691177,0
89604232,1
289651357,2
85754317,-1
167152429,0
20990974,-1
539165879,0
221080645,0
74644433,0
23070463,0
27047923,1
313379400,2
60976510,2
358508158,2
102864984,-2
198580537,1
73873008,1
247247968,0
844741,1
20262261,0
20621351,-1
353749690,0
173073102,2
17572408,-1
40891136,0
16318592,-1
259252095,0
313497125,1
75356101,0
284732636,1
132351375,0
299012137,2
25633871,-1
108914234,0
52367065,1
532572009,0
406971569,0
74449410,-2
289134478,1
219660630,1
152791116,-1
114853903,-1
276042086,0
57935129,1
19822523,0
140610932,0
58696552,0
501390789,0
36263630,-1
61048980,-1
106038987,0
28914269,-3
35241465,2
153433390,0
723714290,3
135862310,0
543868510,0
231461860,0
183313325,0
12638952,0
323445753,0
290610008,0
222961982,-1
98627870,2
73204959,0
179603852,1
481666754,0
14223107,0
299383019,1
118661806,1
1101921,-2
318169640,0
19370075,0
317072961,0
303752410,1
382536152,1
463971357,0
104942446,-1
269453386,0
530919604,-2
369152026,0
137031123,1
125961852,0
563142430,0
350886930,0
44067958,0
442446858,1
287453496,-1
118302332,0
52835205,-1
124695351,0
98974815,0
37330231,0
611418268,-1
424684518,-1
106840108,0
170371596,0
161053612,-2
356400881,0
72981107,-1
54350636,0
260836720,-3
28844188,0
880880197,-1
633181003,-1
725029934,-1
314971539,-1
94153375,1
195393439,1
28286559,2
144622202,-1
220246772,0
16902654,-1
20852175,0
33396626,0
554375951,0
766396015,-1
584295183,-2
24714496,0
164355373,0
26060394,1
476164649,0
53388776,0
431228562,-1
322569070,2
116036831,0
246899338,1
18960302,0
627200653,-1
193365174,-1
116526242,0
222105018,2
95137421,3
90929700,2
30453305,-1
43971936,0
261861713,2
34044347,-1
18013382,-1
319379433,0
306238232,2
230960364,0
145051793,1
267348590,0
822458017,0
97106600,0
421158343,1
548945597,-1
398460853,1
19399004,2
102446961,0
336182456,1
28657611,1
547787503,1
321764394,1
199152801,-1
252778067,0
616633061,1
512296837,0
301049255,2
49918277,1
82276130,2
528892281,1
55996918,0
458462339,0
95210160,0
44612140,0
20095663,2
398143853,0
37062711,0
218906797,-1
236190313,0
598018984,0
555254244,1
36300253,1
330024920,1
356494473,0
14060493,0
261643785,0
45671664,1
34888230,2
192220647,1
227637344,1
25114461,2
511229692,-1
287910666,2
498231240,-1
612633656,0
553798181,2
249853609,0
174338017,-1
263270374,0
335742830,-1
351384299,1
255606254,-2
38812075,0
314475341,0
148025277,2
113009210,0
17616152,1
413661267,0
281984623,1
49625868,0
382266591,1
47287074,0
106760441,1
584902335,1
608467920,0
26048439,1
378773420,2
778160132,1
56147986,2
47387392,1
45678780,0
367427000,0
43291852,2
399878389,-2
37877566,0
174388419,0
801488634,1
386728203,0
32856612,3
118768356,1
525245514,0
525507607,0
396481990,-1
94118527,0
204200421,-1
588587508,-1
58522211,0
170469948,0
18480977,0
461691435,0
59350136,0
20883254,-1
51755720,-1
327493915,0
17005510,0
24897626,-1
202785136,1
400283584,-2
109586488,2
153307673,1
38574537,2
365462785,1
486378675,0
57705713,1
457301903,0
310404536,1
384548742,0
262820361,-1
43952467,-2
343184007,0
22514042,1
602008557,0
44610718,-1
14256823,-2
490734745,0
92610238,0
776477227,-1
323332501,0
115497238,0
53476983,-1
57600343,0
613426575,1
247808931,0
363310209,2
227743968,-1
561596279,1
360867245,0
177344943,1
131756896,0
267682301,1
30758671,-1
613961415,0
763345759,2
63886917,0
415482174,1
45585397,-1
34849288,2
57844411,0
14314544,0
153407203,-2
292106022,0
444713321,0
861687991,0
208668247,0
337393969,0
85355282,0
20461888,0
435342476,0
346235321,-1
323860709,1
85907701,2
202500447,2
23663839,2
463441798,1
266698147,1
587356485,1
16194566,1
320516871,1
123825423,0
37992035,0
345548182,0
323258479,0
308217073,-1
700761932,0
46806490,1
164121646,0
612668530,0
317126349,-2
372547953,-1
17141133,1
25913614,0
374173016,-1
42046923,-2
457855756,0
156560832,-1
42188336,0
145774003,-1
192990419,0
587052660,1
594364524,0
372303578,0
382135668,1
286412465,-1
331202858,0
46721653,0
437010041,1
556508263,-1
857282400,-1
491320315,1
41093805,2
88233326,0
193005562,0
603079011,0
25477579,2
43682702,0
128180132,2
346835104,0
342033155,1
553712597,1
38055266,0
20400987,0
242164117,2
21671311,0
98711727,-1
398208676,-1
338925597,0
366888586,1
478668117,1
46602167,1
62857267,1
44130203,2
239239553,-1
16560842,-2
606274339,0
217407489,-1
70311284,0
531310923,1
629957092,0
231001548,1
394421194,0
26859352,1
821015299,-1
278546677,-1
443507417,0
294554001,0
276954627,3
71960817,4
16661097,0
224499062,-3
22315968,-1
255818537,1
100501676,-1
82458078,-1
267980358,-1
196888622,0
48040475,1
26897760,0
212622346,2
186089082,0
272088358,0
195022491,1
185101254,1
406379845,2
426307255,0
596645024,3
38110141,1
165509078,0
762582030,1
544805429,1
35662370,0
53926164,-1
422234950,0
118685634,0
31121565,0
585040907,-1
400258170,-1
450045748,1
240723293,-1
184719374,0
132930248,0
449481856,1
26509356,0
125774437,0
81895665,1
153853944,0
524300916,0
61537280,0
826260889,2
26358661,0
452350609,2
23974167,0
420773425,1
168458485,0
24412279,2
172851165,1
23521289,-2
222119384,-1
561908653,2
487995757,0
24708458,0
127746981,1
23570639,0
165302896,0
95785326,1
19190123,-1
331237562,0
17697584,0
80841016,0
124869414,3
117928875,0
32509686,2
349109660,1
34004401,1
342918897,0
290141136,2
748921914,-2
263862602,0
25965199,2
493371884,-2
15174869,-2
222378487,1
119035535,1
120828505,2
174057115,0
17438924,-1
136408553,4
446301191,-1
164966966,0
217601997,-1
526856921,1
602326339,2
117587244,1
73531412,1
29635577,1
241738933,-1
248018154,1
105988723,2
41306675,0
557898665,0
512540380,0
350372883,2
141832160,1
122764385,1
15487092,1
19423235,0
97375110,1
247396033,0
18290114,1
340097846,2
103998818,0
578444424,0
254985959,1
350563696,1
237514417,1
247586776,0
271144180,1
380124981,2
631008289,-2
523730306,1
34367582,0
26917732,0
49836463,1
311976441,-1
782699606,0
456087658,0
15726398,0
146114571,0
339188497,0
187067293,0
47546320,-1
310530980,-1
43820675,0
529661921,0
198718067,0
253830702,4
62869114,0
251477467,0
266238875,1
331088118,0
309565061,3
334067982,2
189656827,0
14600962,0
70342635,2
27030690,0
308131664,2
44185939,1
23684428,-1
295513857,0
364397279,1
15019376,1
148468128,1
147259796,0
51461193,1
428637558,-3
298360878,0
16882784,2
68750781,2
319208417,0
871363542,-1
48241635,0
30682999,1
57722479,1
27133567,-2
712675231,0
33862075,-2
17917530,0
308652061,-1
14432285,0
43928682,-1
190926855,0
169416348,-1
352834288,1
44722598,0
38509208,1
262724365,2
764747773,-2
512803271,0
102587745,0
382033254,-2
537387329,0
7461482,1
586306373,2
448531536,-2
242829948,2
20192683,-1
78569026,1
391451170,0
111637825,2
23725447,0
525848345,0
635331955,0
403849946,-1
377479362,0
741869066,0
437649913,0
104504069,1
25474017,0
138736447,1
193017230,0
449847388,2
370995039,1
133210174,1
494366588,-5
140897785,1
17889378,1
27962225,-2
52777985,-1
226899217,1
45006982,2
31762749,1
244545107,0
42111972,0
566631301,0
368593880,1
155451916,0
141049123,0
14616541,0
206348530,-1
903976236,0
216048823,0
228762215,0
88591873,-1
311781525,0
65167228,0
316744231,0
211279117,0
913170146,2
244148095,1
75950107,2
55838641,0
491115120,1
20632700,0
68880091,0
45255822,1
390301790,0
124783668,-1
629637347,0
36026999,0
19704469,2
185023213,-1
225231605,0
599479083,2
18340123,-1
57346569,0
14403725,0
15707296,0
148005373,-1
201842468,1
20404392,-3
48481772,0
165350893,1
17552470,-1
117700768,0
342765396,1
430352033,0
15436011,0
221477190,0
23778222,0
540244506,-1
629668513,-3
154028947,0
82915690,0
553508616,0
41503245,-1
205262441,0
67701476,1
20042145,2
400936521,0
438152067,-2
607803479,0
66444507,0
746485639,-1
24611225,1
117623358,-1
218378152,0
225480008,1
322732661,0
203066795,-1
121208823,0
179275905,0
402127017,0
100350066,0
22737385,0
83446883,1
51816066,0
57432218,0
183985016,2
271498370,-1
410931721,0
56043426,1
396953010,0
273897025,0
17616962,0
902204214,0
49096966,1
15633710,-1
17063255,1
419593741,0
102462210,1
778344098,-1
110473250,0
95679562,0
188227249,-1
31509519,3
194662052,1
186577297,2
463953574,1
325168826,-1
486036682,-1
144615708,-1
192134970,0
32598066,0
478696134,0
229513079,-1
59055457,0
24766305,0
18954215,3
123520382,1
59086597,1
94498989,0
503382914,-1
193528284,-1
77875927,1
72053917,1
38164846,0
863418842,-1
105997539,-1
550523672,1
83766975,1
121505689,0
779162534,0
25748445,2
233111001,1
479838893,0
84746853,-1
29122182,-3
30179604,-1
27151879,1
25024636,4
34434949,-2
47749599,4
142359126,0
352607694,0
264220770,2
501267112,0
355830936,0
283895514,1
23220608,1
764842129,0
226326820,-1
337202689,0
261775161,-1
47758968,2
159385828,-1
538584747,1
221891038,0
507980633,0
264376678,0
389851991,0
155673215,0
375596627,0
471121517,1
89033940,1
379533399,0
840572498,0
335456895,0
170895867,0
21552710,0
52212315,0
429269903,0
34393034,0
345869412,-2
29458389,0
52223309,0
588632899,0
622450088,0
212891310,0
346400200,0
81697128,2
63329042,0
633535376,0
27970021,-1
381103532,0
229548498,0
182784794,0
850357831,0
87641340,-1
523131934,0
154696197,-1
216259344,1
363149771,0
315593920,2
18840896,0
269530248,3
26996132,1
47670270,0
285175299,0
143598653,1
754102910,2
70780013,-1
21274501,0
365671740,1
371164203,1
445074040,0
606208624,0
551436128,0
828005479,0
223741501,0
209941571,2
121818257,0
387739207,0
267443768,-1
37065908,0
23637091,0
72646147,0
24436600,1
281081027,0
256555379,0
228628624,2
77315885,1
230899550,-1
347488102,0
315410162,-1
422325181,1
224735594,1
21689216,-1
75212249,-1
145972700,-1
29459142,0
635151531,-1
277402775,0
294746681,0
344169837,0
57046944,1
47247847,0
476353978,1
234738736,0
615658427,0
23075654,-1
20141756,0
35555513,1
321973006,2
98990216,-1
351734446,0
349942687,-2
275811159,-1
209257081,0
128113392,1
499691348,1
25120151,0
20095121,1
210627413,-1
101707794,0
109216147,0
43748336,1
63168012,0
797540935,0
46557945,0
76529631,-1
558877470,0
551910244,1
529341214,3
15566012,-1
479058707,0
17593619,2
60995021,-2
348305353,0
489218913,1
27096404,1
496065156,0
220113375,0
42996166,0
231018496,0
25483231,0
36271791,0
263865651,2
120018069,-1
399797611,0
32268487,0
191245488,1
30216409,1
623563,2
84377290,-2
347108120,0
59328180,2
15504287,0
57000820,1
630234972,-1
250195796,1
235533330,0
166031653,1
22652016,-2
351775149,0
15675939,3
29289973,1
91321101,2
328678995,-1
111950927,-2
570407644,-1
309008726,0
894183420,-1
34054893,0
537788823,1
78805650,0
472851067,1
148112013,-1
88090633,0
56293515,-1
24660392,0
190321556,1
577422652,0
24457210,0
355729031,0
89131836,0
819640285,0
18531718,0
251827150,-1
528120253,0
500831956,2
23378304,2
622175549,0
381427816,1
36182845,2
26748391,1
543680720,1
864814188,1
629701728,-3
45456280,2
200276624,0
458331139,0
413623293,1
56499123,0
84352303,2
102884742,1
273772081,0
812957996,0
907897237,0
106780607,0
18048964,0
157166978,1
27293230,0
153441051,-1
557170095,4
24993165,0
91895448,0
341167873,0
409267883,1
163000834,0
36673855,0
487955690,1
60440775,0
124320007,0
133132341,0
419974291,1
203164223,1
23790860,3
235265097,0
24912312,1
25185001,1
76784243,1
728407434,-1
91444410,-1
80136311,1
113076988,2
418774015,1
212528134,0
891210236,2
57738988,1
56344422,0
68713868,0
7406262,0
410051441,1
488743489,-1
135399738,-2
39776268,3
167878124,0
533302080,0
53801909,0
587327484,0
40560097,0
283832739,0
159673191,-3
5463692,0
43950445,0
543348394,1
97294141,0
295403177,-1
53157765,0
29792255,-1
250532158,0
17293614,0
148513716,1
147606409,-2
292702372,1
29151289,3
399632764,0
51731364,2
109604790,0
54182995,0
514165478,0
439559950,-1
40546271,1
38074770,3
25990575,1
358768806,0
160465887,1
202133848,1
133311184,0
87778228,0
258839818,-1
365599219,0
28158298,0
18881684,-1
414599830,1
16331065,1
219926708,2
18642753,2
69821270,0
241737199,0
332559560,1
618670908,0
199142893,-1
246955356,2
66861727,-1
128591943,-1
519043495,0
621009568,2
331502523,0
40548944,0
26699888,0
50582374,-2
18966061,1
22100843,-1
200523859,1
875927905,1
14650890,-2
52892999,0
21147857,0
377847531,2
22091398,-1
35990273,1
29327420,1
60941381,0
391465054,0
724506216,-1
24269293,2
465572512,-1
132919515,1
442245676,-1
74099868,0
215367707,1
89075024,0
39289195,-2
834077160,0
20610648,-1
463163130,-1
193187122,1
519648009,0
743865522,0
73165811,-2
51919619,2
25332812,0
25273039,0
620256759,-1
478270307,0
109171621,0
12997002,0
22811368,0
319130390,0
71338668,1
153437577,1
20345118,1
391927884,1
74443179,0
75585275,2
191986046,0
21955271,-1
395924563,0
23786679,0
134390828,-1
22327576,0
139370821,1
19929832,2
273220665,0
609963756,0
109510926,0
249954193,0
400840999,0
262907164,-2
451980847,0
275096940,1
730651710,0
22702818,-1
467611374,2
21537397,0
600221890,0
336866578,1
589474628,0
17235069,0
134881721,2
329990840,0
228867626,0
622932217,0
344187615,0
122188802,2
59770385,-1
20583736,-2
378542433,0
771668400,-1
22214362,0
61853316,3
111521797,0
169635647,2
29192539,1
44108416,0
42359204,2
104516099,0
112878558,0
20744708,1
159343219,0
338330795,-1
547151843,0
20006987,0
252761377,0
53203172,0
564843841,0
47152159,0
18031204,-1
137259226,1
92839171,-3
88508206,0
176441275,1
332078213,0
872204262,1
139676062,0
306155189,0
137663720,-1
237943072,1
66786983,0
43440489,0
47739580,-1
64702881,1
87699105,2
196884501,0
148850004,-1
275414774,1
290944156,0
480979112,0
55203365,1
134856692,0
224998049,0
480853196,0
87589124,0
45976534,-1
596528612,-1
217808761,-1
245482096,-1
474232856,0
273503209,0
386336377,0
204028034,1
371034612,-2
188237217,2
364095081,1
426828963,0
228677206,2
472325162,0
817503,-1
417509923,0
53120768,0
70827573,-1
718594302,0
488152925,3
238744885,0
42909123,1
169003510,2
413027103,-1
918111001,-1
23215843,1
179077185,1
59891352,-1
16632172,0
405525612,2
106876700,0
19594426,1
397040416,1
178465017,0
246082780,2
24324375,0
248691320,-1
28251733,0
46737287,0
22902704,0
260992976,-1
15557414,1
34983417,0
100052390,0
146566504,1
454672875,1
14828787,0
19311189,2
48361069,0
411868595,-1
87998269,0
500143637,1
19176739,-1
401585816,1
150326255,1
20817175,1
190804609,0
333951722,1
21282163,2
594969643,0
142124007,-2
16192277,0
494617321,1
163882738,0
20863771,0
19795883,0
16868098,0
551272652,0
130715630,1
485009134,0
610467658,1
301469232,0
238248148,0
438322793,-1
9849502,2
73609593,3
22820218,1
340292973,0
29798136,0
622315650,0
101078976,1
51002583,-1
60260593,0
227179643,2
42556323,0
367310040,2
277253298,0
341470410,0
136319363,0
14188077,2
224774306,1
295858020,-1
486052842,0
117096248,0
256666328,1
772841804,0
539183716,-2
111005623,-2
35935590,0
20091101,4
176172631,-2
168162721,0
557103111,-1
43958400,0
45130743,1
876861920,0
359870591,0
39550274,1
566893207,1
90225626,2
353024542,-1
152800233,3
108177878,0
144262194,0
69932619,0
396551915,0
75382384,0
144693289,1
31083070,0
383336528,-1
345348047,1
102138561,1
169958195,0
333735840,0
373010532,3
26330684,0
252790727,2
68249582,0
227895263,0
360197101,0
339102043,-1
603194577,0
28207562,-2
281214260,0
329348199,0
401657103,1
66976825,0
156223213,1
260477688,1
40020217,1
619682479,0
16482242,-1
239073719,0
170329421,3
119602296,0
495495375,0
750107720,0
91211538,0
210045549,0
76443889,0
179352180,2
328811151,-1
145277563,1
143870433,-1
301444336,1
72214721,1
237554733,0
89409006,4
36955234,0
160413512,-1
398484888,1
50321644,1
46437283,2
237085486,1
14178225,0
818340,-1
413499969,0
275144200,0
94910520,0
581171507,0
632326287,1
47460879,-1
369197356,0
18691434,1
260529642,-1
240799819,1
395136825,0
282108659,0
67215245,-1
340494488,1
246045811,0
41248640,0
366841055,0
190296578,3
37107660,-1
117835045,-1
62107272,2
562827191,2
470747187,0
19327565,1
311048818,0
21139393,0
262427633,-2
792641010,1
78038233,0
29767770,1
15807682,0
56607837,-1
332459123,2
365353106,0
844230990,0
912471276,1
152430630,1
284240734,2
32662672,-2
19077044,1
159186315,2
201162381,-1
25393624,0
31700937,0
51255734,2
465934405,-1
47249150,1
195951022,0
14077304,0
24967724,0
472794920,0
24823168,2
129412273,1
791906779,0
131182571,-1
291182287,1
38648343,0
365676134,0
308119583,0
123417995,-1
131379676,-1
30754888,0
39723301,0
63002955,0
126203925,1
26162655,0
82761242,0
15475451,1
304541470,0
190021419,0
45670287,0
395070631,1
80187866,2
365887967,3
39525984,0
272989689,-1
32189679,0
268059287,1
14973375,-1
95358014,-1
164212876,1
343171541,-1
26251860,1
73979404,0
101671923,2
342369266,0
22904052,0
183981748,1
219041121,2
34014706,1
585133233,0
29283211,1
10086082,0
246428848,1
410647886,1
15059981,0
46664476,1
14931166,1
15291335,-1
223057354,0
78180730,0
51887927,0
102284562,-1
231488106,0
92697639,0
334954247,1
330734678,-1
341358504,0
43483596,1
282212057,1
241101732,1
276686777,1
27020138,-1
542582770,-2
859446558,0
287288414,0
72752451,3
48453,0
528320200,1
20082077,0
56795894,0
124004671,1
356286443,2
18614366,1
81798148,0
604051521,1
356047923,0
250161910,0
76587091,0
131208346,2
269112025,0
93729965,-1
47821438,-1
172658369,1
297168771,1
206945569,5
13788602,1
732673236,1
273676376,-1
276142727,0
307893408,0
21926735,1
919269210,-1
21487168,0
870261492,1
351334770,-1
87093832,0
25106800,-1
377201641,-1
78119339,-1
89450933,0
426880628,0
114307297,1
166643204,1
789477764,0
470414043,0
313479710,-1
243114909,0
45227376,-1
286445504,0
29023839,0
230297393,-1
138481672,0
15872418,0
105805842,0
14759359,0
212707756,0
35045078,0
59394281,0
294104655,1
15311535,0
307692166,0
11011,0
244383942,0
496158734,1
370243049,1
329047546,0
63925228,1
425503814,0
63532465,-1
54997183,0
242525081,1
132907762,-2
619571877,0
233474825,1
24118994,1
337806539,0
163911314,0
150378802,0
396697268,0
474212961,2
191802096,0
398675302,2
51101968,1
20059782,0
346630939,0
88433137,1
306435370,1
52921901,-1
51063172,0
703462196,1
236406179,0
296826114,0
562376268,0
166935249,0
351648500,-1
50590844,-3
17825093,-1
597741641,-3
18992684,0
20920246,0
49258196,-1
161885365,0
282711460,0
20628947,-1
113880614,-2
242136621,0
79545828,1
345838404,1
74975909,0
415219820,1
104665168,0
219444423,1
11849832,0
267004350,-2
26596293,0
593867303,0
173183813,1
125755571,0
379265060,-1
265592137,1
124496240,1
51667021,-2
118669666,0
394763270,1
170407458,-1
38050035,-2
72483670,1
82648480,1
14142379,0
421502056,2
193571722,1
281672066,0
447445258,0
64627794,0
303034842,0
31024717,1
604798171,2
159529662,1
158966203,-1
364156207,0
21714886,-2
845642910,0
64084585,1
14570987,0
281239249,-1
43621755,1
338100781,0
150694132,-1
200369844,0
347064758,1
487816618,0
429312292,0
230863863,-1
494035942,0
110748698,0
36255427,-1
242176069,0
157034526,-1
153235374,2
143040683,0
330419414,0
37421901,1
33034354,0
212634966,1
26813101,2
163198967,0
24674134,-2
306936804,-1
221157315,1
111487499,0
74413228,1
10453682,-1
50303740,0
803468,0
272608022,0
24541236,2
274558478,0
485275567,2
21345845,0
156279218,-1
28325356,1
152788800,0
178863646,2
519059526,0
9409752,1
26845370,2
197076480,-1
19724392,1
47812216,0
237891777,-2
28137909,1
333681468,2
222832808,1
80112523,-1
27673803,1
275148329,0
586614922,-1
147427374,1
27145018,-1
66533920,2
490480720,0
855202333,4
484450241,1
531401378,0
25638343,0
35164896,-1
271333709,0
596941613,0
347759785,1
150336020,2
15942614,1
56027687,1
132497944,2
20671081,1
228203206,-2
87394010,0
6130932,-1
29800791,3
212186578,-1
126053673,1
25834411,0
22363895,-1
561251152,1
433070352,0
177423199,0
345511604,0
64213351,-2
25771831,0
450167902,0
561768459,0
81832067,-4
114342046,0
127252717,0
562447758,0
29965231,0
404166823,-1
27736606,0
635979544,-1
434528542,0
447185240,2
76416590,-3
531500959,0
284535953,0
148780309,1
39079222,-1
34163754,-2
135949426,0
20204298,1
30897369,0
367789317,0
277121916,-1
263038684,3
250818521,1
45766451,1
225973684,0
316497857,2
293342928,-1
315296719,1
562839629,0
19400611,0
111551646,0
25534317,1
27163048,1
16997975,2
19316413,2
270081637,0
383976327,2
36690325,3
110720168,1
609291174,2
59060233,0
296302868,0
14062851,1
134357027,0
30348942,0
293142083,1
108253392,1
11282622,2
543888790,0
137823874,0
18684224,1
15693631,2
437973594,0
18178307,0
479862373,-1
17073153,-1
627099060,4
43115806,0
321936302,0
44243885,0
593976622,0
63273514,0
354426745,-2
19673138,0
19739530,0
27079390,0
54258616,1
467769444,0
867353130,0
231536379,0
334304915,0
311349016,1
16581311,1
105606379,0
702172154,-1
68611060,-1
712515384,2
596453555,-1
24206052,0
59750002,0
360584102,1
454155239,0
731951078,0
114313343,0
52425220,-3
38017687,-2
61573467,0
29359248,1
428514641,1
32493604,1
230337341,0
333471496,1
181418952,-1
24064020,0
121603066,0
293462442,1
529396403,1
439924510,0
47085469,0
441529622,0
248839886,1
15119140,0
197670046,1
17050737,1
582779832,0
194356022,0
304201698,0
19388482,-1
279999288,0
31179339,-1
40776143,0
81709289,0
58923175,1
172727366,0
15619589,0
57736839,0
25508307,-1
180497286,0
239915695,1
8069572,1
737786311,1
443463020,0
297773417,0
164097344,1
114586489,0
494917630,1
377757730,0
881991817,0
58898646,1
572947055,0
108741173,1
26941522,0
474643908,1
73694653,0
14914594,1
411834392,1
108200716,2
54589279,0
358270494,0
39453531,0
216057136,0
169922636,0
238521059,-1
148620520,0
257641458,2
360311934,0
167645831,2
201577190,1
324083847,0
248991993,0
15302717,1
55693819,0
81346197,0
107055962,-1
309323375,0
19002348,-1
88840456,1
245147147,1
43793393,0
479796641,0
230259128,1
21505153,-1
67036119,1
47194445,0
918018343,0
85667198,1
378843923,0
250708461,-1
35050925,0
188896867,0
363273398,0
238594600,0
371638017,1
748026608,1
135620448,-1
216887433,2
19797142,0
38986228,2
438627768,4
283223567,1
154678717,-1
612766471,0
36092993,-1
225028029,-1
41714335,0
360948571,1
61709676,0
97804186,2
344188464,-1
246376146,0
492070009,0
171721620,0
14063426,2
808764962,-1
19499567,0
23538080,3
43585368,1
23793186,0
537651280,0
63723969,0
21096722,0
32613440,0
238691023,-2
35116010,0
617351282,0
261389383,1
493657602,0
223076340,0
353599161,1
24168566,-1
26434098,1
43073465,-1
208394786,0
27379867,-2
138387125,0
16347909,-2
131805606,0
264402458,1
437790282,0
259433591,0
632515019,-1
357433185,0
239306751,0
384272833,0
14146019,0
15847062,3
125246411,0
23603189,1
337073171,-2
64744912,1
36109143,0
242376429,3
220251458,0
22544408,1
372398144,0
858870932,0
57436721,0
352866258,-1
377110576,1
393054918,0
45440984,0
386580862,1
317403977,-1
260934314,1
575037287,-1
55773599,0
247874198,0
58431354,2
320282807,3
357031508,0
214139359,-1
278833302,1
19181741,-1
20576706,0
25408992,3
424592590,1
35027500,1
22615536,1
46187241,-1
20573733,-1
157470755,0
29304238,0
300595045,1
114381543,1
258080315,2
273274825,0
79489096,0
115033551,0
96020720,-1
365870402,2
20150213,-1
163566302,1
391486851,-2
175060800,-1
398419273,0
373499482,0
335369972,-1
62789167,1
325277060,0
17530174,0
15862112,0
18845881,-1
525706921,0
47539748,1
7632582,2
32691114,1
93655075,-1
534842297,0
14115151,0
28570014,-1
156251281,2
38212296,1
42354173,0
51525965,0
15705550,0
141965443,1
543780273,2
92606901,0
280914354,2
54257746,-1
322342303,0
15368940,0
364892784,1
344969506,0
38615758,2
19749203,0
741810102,1
164473705,1
183162300,0
194754611,-1
265473752,0
20386148,-1
51356478,-1
453609270,-2
37772976,0
23182129,1
37774756,1
30171470,1
5434112,1
636338935,0
207362810,0
62631820,-1
27712041,1
206354030,1
141029253,0
346600792,0
42828974,0
227129520,0
21253183,0
59110369,0
300529873,0
223305414,-1
343682066,0
103687151,-1
556159172,1
506884119,1
15612308,-1
62680567,0
607575397,0
249392194,1
144477193,0
66151728,2
574114513,1
97283394,-1
24576488,-1
635434796,-1
181132589,0
522182131,0
70099039,1
30205761,0
216805826,3
14130016,1
26178916,-1
489534554,1
635399546,1
38621482,0
38813536,-1
623132907,1
92416329,0
92039975,0
344552820,0
91595676,1
67238894,0
31219443,-2
101840761,0
64020032,2
405278501,1
137108643,2
222923751,0
40633824,0
327629108,0
256807222,2
45879460,0
43563617,-1
372959510,-2
401099806,-1
223546895,0
55376056,-1
29316561,1
193012443,0
827566826,1
302500124,-3
16550142,-3
211635074,0
74701513,1
619347735,3
31347185,2
177693793,1
237541908,0
66396696,-2
554511141,0
27851369,0
323179500,0
33290317,-1
83490423,0
70402201,1
338177738,0
253282664,-1
20961788,0
341673590,0
348415653,0
411953928,0
19013024,0
49172648,1
74574143,1
392308562,0
146465200,2
221493565,3
382401821,1
21088523,0
257967535,-1
146714827,0
270539860,0
521255610,3
519697287,-1
113424415,-1
916793023,1
46846506,0
316645669,0
94956407,0
95563693,0
533185090,0
22742560,3
389232139,1
442340329,0
586556344,0
409308691,-1
33457673,0
787911902,-1
407944360,0
52019048,1
462420179,0
77445818,0
132556992,0
24323936,0
72527168,4
26664313,0
10973142,1
369856696,1
619544766,1
189714062,0
287524971,1
366866778,0
15826278,3
819547615,0
104612458,1
19923144,-1
27556859,0
410927342,-1
14244954,2
32147918,1
15462399,0
17167419,1
181289133,1
278274454,1
306125824,1
299336255,0
566004292,0
52681749,0
302358942,0
25596014,1
250680911,0
25159865,3
181381253,1
68094466,-1
869397486,0
165010615,0
508968216,0
280964280,0
21411063,0
20310643,1
14985811,0
109682493,1
71731820,0
35317896,1
96234752,1
20298144,0
21705656,3
89343613,2
329930757,1
571871716,0
325200829,0
18964685,0
38220648,1
459781505,1
278954486,-1
19696771,1
17732891,-1
219107764,3
735524239,2
30722403,-1
334977402,1
504044319,3
20064253,-2
8974582,-2
777717458,2
25522610,1
186164728,1
188697456,0
317283568,0
174718510,-1
161903472,1
26082703,0
401155107,0
19503863,1
66137554,0
28390879,0
323062828,1
551660377,2
264101588,-1
819010514,0
267198602,2
235871180,1
485171742,0
724681219,1
45804205,1
319326400,3
104493187,0
53315093,1
468684421,0
310231044,1
33648354,0
268893346,0
79851746,1
87970697,0
384597345,-1
148573629,1
292705681,-2
150975527,0
63322197,1
19196807,2
74270240,0
154935664,1
348307606,0
131070878,1
65140955,-2
342803817,-3
497230843,1
334235501,0
148226042,-1
97080391,-1
253721926,0
428546699,0
81176548,2
50820445,1
94490783,0
306710080,0
134157989,0
16049481,0
29526581,1
39028943,0
899546328,-2
39137905,1
64258180,0
385047220,-2
81033088,1
23679553,-2
222037901,1
50131359,0
456854364,0
15876015,1
21314314,1
360084993,1
294854943,0
176997190,0
439074172,0
537886482,1
580515576,-3
278761111,0
58841379,2
252742529,1
14320586,2
84563846,-1
872473717,0
427079931,0
27271838,1
165911767,0
26062495,0
14248226,1
20504614,1
44814117,0
25800788,-1
621966679,0
574038819,0
23291264,0
116847932,0
163607027,0
70357996,0
198992878,2
556552816,0
159068839,1
56547576,0
107155690,1
32959639,2
596146678,0
173247487,0
15515169,1
81678490,0
636827645,-1
366305375,0
858445285,0
21064128,0
756783632,-2
289690797,0
344412167,1
430403754,0
777337892,1
398684555,-1
68885138,1
86600061,1
361929906,1
237557034,0
367779823,-1
70549987,0
95313652,-1
58885552,0
71054986,-1
70409036,-1
214558699,0
53166862,0
221056106,0
587592852,0
202726782,0
46958002,0
156021769,2
419751608,1
41484954,1
586615971,1
761040871,1
627630645,1
321930538,1
20274544,0
55293912,-1
255360773,2
778112179,2
62823680,3
316127177,1
404812906,1
16475834,0
47502560,2
125936436,1
167373015,0
173080125,0
70387740,0
266248792,0
130182105,2
529435028,0
337308259,0
175444781,1
275219857,0
30588503,0
391106101,0
219818200,1
29597497,1
114321203,0
299420825,1
17680681,0
217109358,0
413457462,0
109494138,0
629059435,0
184830556,0
15501305,2
306647135,2
35800444,-1
152204625,1
192165172,-2
19867507,0
182504057,0
440474015,2
273499762,0
32201318,0
67507170,0
169595470,1
35667504,0
208259003,1
235226883,4
514108101,0
52281528,0
19791626,-1
379531670,-2
412579196,0
146584090,0
15763669,1
15033673,-1
62084142,1
99830375,1
588936552,0
744416208,-1
489830007,0
836090858,1
71640707,-1
61838875,0
633020678,0
575572462,0
774584642,0
283173307,1
616166780,1
51923108,-1
57504781,0
177145415,-1
164377995,-1
131767662,-1
613678290,1
165657284,0
60364834,1
14090610,1
235585964,-1
107953938,0
445484760,1
904758264,-1
277482234,1
372224451,1
189370247,0
135196673,0
125029249,0
337339876,0
51633730,1
56140236,0
163712722,2
359086484,0
297064917,1
309714774,0
491344333,0
56367543,0
85574636,1
239443654,0
18018384,1
65156634,1
27781218,1
306676025,0
69896660,1
768176377,0
37227332,0
328234786,0
588746420,0
77898694,1
69409387,0
391976622,1
53932318,1
263579038,-2
168698611,1
460823649,-1
841041456,1
282600116,1
26516749,-1
344254961,-1
337820530,2
20213995,2
47251363,0
420967920,1
425459842,2
101021807,0
306756084,0
219409470,2
700821421,-2
256832900,-1
21897408,0
27270952,2
27505103,1
322775771,0
221769011,0
184860011,-1
168558687,2
21075591,1
529650178,0
349120754,0
113783053,1
87205564,0
198284834,1
46678969,2
347219338,-1
107302251,0
92689903,0
92984129,0
31228014,2
544914598,1
74427598,0
270368047,0
568653581,-2
448949725,0
892182571,1
53237230,-1
252307187,0
77080526,0
561245153,0
908322512,1
465114198,0
177075395,-1
914868200,1
328971612,0
722711432,-1
176701782,2
40521999,2
21379479,0
49756682,0
14502987,0
221093726,1
406110217,0
82000415,0
16713031,4
94943101,0
220179707,1
563667133,2
372433268,0
729317178,0
55019057,-1
22129879,1
34433717,1
19070817,1
185364729,4
132657796,0
809218434,0
20305207,0
726961488,-2
223345651,-1
702127711,0
357860977,1
143100038,0
93994488,0
151816481,2
571269603,0
315045227,-2
782310506,1
113061485,0
45292221,-1
43335224,-1
114828463,0
296959571,-2
25513553,1
240508331,0
149063337,-1
398486890,0
23644684,0
70203979,1
630314862,0
25727657,2
287736374,-1
595635039,-1
123867910,-1
33335823,1
267357551,0
34084972,0
234274491,-4
352520046,0
161919573,-1
240276237,-1
606660403,0
50357085,-3
42814504,0
137667661,0
870560431,1
229553495,-1
485749612,1
153994030,-1
51581149,1
58006535,-2
54359532,0
34877293,1
140899906,2
242852634,0
572378054,0
23224644,1
183504931,2
36502408,1
260944336,1
235704305,0
177156106,0
71214254,0
325403034,-1
915455400,1
57364510,1
16457083,-2
254178530,0
16331415,-1
771437269,2
148343928,1
479513657,0
473530045,1
339010347,0
356754590,-1
408809020,2
28408431,1
16605271,0
462626915,2
328656254,0
368164955,1
115668371,0
16645845,0
424157692,1
901483856,0
18884214,1
52609331,2
215787182,0
171191147,0
178432332,0
30392267,0
148236777,0
228163787,0
35274641,0
381785910,1
46464620,0
58838987,-1
345987405,-1
48803265,0
17212050,1
274074032,1
398929639,-2
114503071,-1
21582436,0
309864126,1
108180517,0
359667671,1
155693433,0
26936386,0
27387825,1
48192713,-2
47352060,0
156544752,2
235963705,0
566521127,0
16014297,0
54945259,0
568645036,-1
6976602,-2
147899715,-2
332165098,0
276934674,3
378315113,1
142201214,-1
135822765,0
14924820,-4
815878368,0
370338998,0
40271640,0
132485603,1
27571002,2
28660297,-1
110349300,1
236203378,1
39020403,0
486340693,1
216393367,0
325538029,1
172452445,1
435257228,0
287535373,0
62682380,-1
223565247,1
77285784,0
516986862,0
247931401,0
147088367,2
476673991,0
405723275,-1
140612910,0
242906865,-1
235222780,-1
94005676,0
281868875,-1
875957876,0
523445120,0
465974864,1
53272267,0
342522812,0
37007849,2
158528695,1
416721089,0
358195118,0
357128592,0
50122026,0
66783921,0
446476377,0
64342678,-1
834658356,0
621247250,0
483502096,0
75344971,1
28503283,2
287359135,1
455923134,0
37253671,0
422912566,1
69573324,3
31475321,1
26775453,-1
50169080,2
122010238,3
351440443,2
37706657,0
249809961,0
92339201,-1
301721146,0
71281160,0
140189025,0
199395699,2
29992615,-2
122017228,0
16028382,0
18751073,-1
37758687,0
40776527,1
151872386,-1
710560326,0
333919659,0
113190960,0
174592946,0
324004609,3
45871934,0
318100395,0
51682053,1
48564820,0
237131744,0
269113385,0
103936380,0
31439649,2
89452962,1
517715368,0
314397515,1
455353894,1
760965576,1
494873101,0
34104640,1
25955476,2
30938595,-1
89086865,1
236922491,0
18263789,0
459204533,1
269870381,3
58597992,-2
19252379,0
75911665,3
474319122,0
321496438,-2
20138342,-2
18928845,2
14083693,0
550040038,1
90444568,-1
20662385,0
339010800,0
201465103,-1
606914698,0
82307745,-2
815916643,0
18626887,-1
33108473,1
17839223,1
83635288,-2
418203217,0
21736625,0
74332189,0
59847438,-1
104021025,-1
18308142,1
230045441,1
273280405,0
108617892,1
31729668,2
284154037,-2
240332927,0
48821526,1
180787992,0
579143335,1
81327405,2
251329636,0
63542666,-1
378144219,0
315400337,1
505855552,0
392639346,0
171372080,2
840435552,1
560429659,-2
40364277,0
201210726,1
814319108,0
80168159,2
265984902,-1
330470882,1
46399913,3
509707361,-2
423674111,-1
287477398,2
23061495,1
309461843,-1
583789210,1
299430462,1
80103535,0
289929642,4
314457134,0
186858273,0
553759737,0
866598830,0
171407888,1
16104541,-1
552212935,1
372017053,0
139469982,0
47147054,1
